840026
55575
708339
969659
654173
656759
858539
508614
258932
171316
434931
145322
980178
531748
719351
2942
578278
331115
903282
336555
500975
45971
623924
524912
966841
504682
391493
654765
816131
680764
25582
994335
330524
51824
9515
917020
466894
739320
250119
440274
490456
486284
206154
29277
261457
313901
840058
508560
258112
900669
42182
518916
620426
952038
3308
133761
953413
99432
176992
181439
431006
206596
883852
415708
433979
548182
239400
201122
329572
534636
740917
31597
174226
13103
237579
910433
221834
732730
852165
868584
664149
165110
630803
534415
256624
55387
442868
844709
316061
607562
752749
585119
894525
84121
769175
720003
104703
73445
500754
234549
758327
862473
226589
806988
351246
365403
80912
405145
681924
701714
251596
252540
348875
970848
113388
237723
810082
781922
351714
370714
528605
967704
844467
122150
225363
466153
241446
423238
747207
812617
920417
525840
101459
76304
835536
657000
457726
991444
825188
892807
615459
804372
918437
407715
192211
477024
367919
306412
898809
409403
759037
642308
62167
467545
977862
906544
50962
598762
122452
269690
610536
847078
987081
866411
480179
888986
697047
615091
674687
871593
76065
99334
589094
127802
404814
894179
312829
19768
550856
856002
2192
820242
737995
984517
899416
152989
588711
750307
295903
73880
695476
794756
273122
432810
727342
274149
727544
346994
210165
12742
7378
592880
78412
989471
954361
639836
234081
364494
747267
63370
242816
43463
826102
599126
997171
686166
714610
408867
410685
453087
44246
488270
437699
714935
20390
245620
792979
625210
96469
9292
871525
915243
525411
457558
240364
144261
377204
224291
182955
113312
403694
581891
884029
474631
182751
761676
954170
795317
604804
15845
186271
111144
207390
88203
860643
732522
219183
428175
446427
329175
784520
557636
512530
939023
258312
589633
818216
897691
818313
62573
359201
450021
663379
414161
404411
783029
398377
532195
11800
858511
543307
377345
369385
731582
684219
567938
907556
797824
529499
571946
345999
780793
381366
98913
145642
111526
575355
838342
481432
13643
961681
740771
219793
310003
47500
201397
771219
138015
785307
702777
396242
319364
570603
299067
946595
144136
603948
151820
18085
540757
659928
570418
355099
749282
234750
497565
572010
991986
66242
880731
730004
660234
5721
517215
941217
810892
347813
22703
583860
400298
823280
189804
114684
473625
649191
335994
268853
799048
287185
158074
277672
491334
434573
82655
533719
381865
995761
663866
671871
809268
820375
650891
443724
567226
909705
179546
376624
465528
907639
841945
626335
26436
113022
572316
968366
600760
526287
880761
949957
63977
906198
104135
708572
222093
426349
280127
686966
888310
986138
52623
759771
841629
138947
892816
514636
915577
364175
56172
829741
767349
627902
686651
2510
510907
600935
14867
213962
845674
267486
466917
127859
132092
389344
767454
917860
766571
782523
470139
209061
214328
360893
291248
340060
285890
880352
28055
354777
808459
743369
112180
600601
130778
595942
176027
450060
8170
632651
499702
231615
671908
789478
672690
345844
285447
517024
976876
129547
440352
282564
786059
797931
856453
812307
833191
954929
842344
745837
205206
153089
330588
838727
867865
342495
15626
773515
881158
726220
290148
585021
393354
216470
792565
211113
127315
565597
858612
749504
242608
829093
814660
19621
775981
304374
371151
52057
238403
876494
648819
333779
274603
668644
342827
843781
983018
553776
337304
1778
503484
316632
83596
702863
716354
311249
947974
519161
910784
169414
384004
62190
674032
970903
899506
494612
676086
270857
988564
780175
760568
653459
745763
24136
898821
548009
546517
618649
896417
755966
572480
811670
173383
640965
426154
785236
876632
343902
226481
580534
152340
887258
482534
407245
695651
440886
691287
945556
970362
759527
868291
283861
744324
113695
55009
870094
579622
392297
197383
42477
165732
221974
833016
552132
384050
468585
143609
983607
355625
471538
389027
894207
205021
246334
750602
508729
986451
633395
865396
478197
754994
467217
919946
652582
625741
597125
557262
501744
404472
620481
212028
482211
371490
946188
734011
34142
585004
774343
732783
357836
498464
200301
144758
894286
170873
530885
762026
717760
8724
116044
339061
820726
948017
969793
752273
559884
573477
163166
298380
128475
977729
824888
499701
775126
404841
58928
657663
39654
255973
363115
642333
963632
478032
549076
696571
692861
486535
464968
959590
150490
858129
353980
820417
874970
837388
889874
945097
385912
762499
562320
522354
240059
293822
980616
640127
661178
920058
152089
480232
940661
490074
374473
886067
691207
848753
853625
546051
295516
453690
741862
688058
117
264188
122301
610940
716090
143506
941116
249157
743555
841225
779925
879380
289649
360962
538685
182760
704205
954680
450103
15616
89829
5954
617874
10006
744553
205688
437714
405925
250420
31512
270918
438979
323951
2837
339776
926781
676975
657020
643346
125160
277250
225956
516415
654303
627009
779191
76542
517151
679939
724967
866288
397979
593984
983224
33480
256427
27945
525819
410267
937436
567650
861072
828803
167664
666599
163886
254752
145962
801882
217825
559929
374441
755908
249134
126701
447539
310740
577759
938217
25162
740280
527055
261233
397969
968619
954900
78976
767034
934223
233565
799688
342501
322561
674027
255534
310347
564688
591284
469178
417328
934661
426842
177214
348321
446198
495919
770258
327604
376543
806279
161782
424255
466271
556733
840689
453085
253665
577061
315945
18947
244563
146103
665861
814924
985234
671589
401956
982269
730037
773179
999754
159584
61802
716148
30281
322729
961909
330710
513238
721980
495958
192046
906655
866293
739240
958587
212485
663469
221490
11365
734856
24639
804689
998832
853157
557469
834828
373448
790933
223290
323723
192657
667305
905816
67055
739231
570310
96412
120943
600915
831289
224250
259946
877963
817857
779312
487031
661735
889238
346093
487071
9580
179056
456966
391461
27867
851559
107244
725025
206324
480577
916171
526684
984972
849567
455748
533809
515081
364741
271983
953647
209060
304106
113609
486920
514445
239323
813934
116577
956085
452856
243678
648658
494521
12925
335800
899917
848268
492529
193451
360696
846790
459737
227870
19472
676505
393116
55945
995917
206442
400393
117865
780842
869162
911538
897324
602042
738452
509280
697921
885981
314868
941081
363441
723706
97758
429098
479060
916243
424662
475148
565976
601893
607437
216925
238245
225861
626201
170312
867252
401631
177330
1474
977267
206570
255683
858264
924180
670337
998379
662517
172281
114277
874546
116756
782006
628387
955430
288640
638654
943528
737259
63190
944603
947808
731196
769747
835418
866833
434553
385699
738475
590705
212331
342903
59718
76404
400744
820171
988989
926632
264381
41923
406179
338586
681991
251717
614017
268052
487554
550327
990526
252035
110353
955498
142224
635963
736073
281380
111672
223929
914333
616653
905306
885096
349905
561277
379675
467249
638209
366460
477976
