633914
878992
656394
757473
288505
738978
264553
542133
224034
174768
282915
437306
709837
861386
978230
412875
166346
755143
287932
164151
807901
709982
565384
696506
39498
927896
137987
928444
279073
790365
87851
563892
503330
820011
322657
369329
447471
122715
383917
915763
867458
915521
551453
349636
940623
991913
817787
373906
301200
216280
72964
224488
423321
888938
700751
209499
911388
227348
62901
874540
603931
966089
638797
680636
591531
514324
148898
815070
729450
210822
905344
498235
313986
372016
397991
744316
794451
270760
223753
778628
831582
537821
375686
494627
732236
745029
121493
117451
167108
716840
194844
742593
478831
17400
365702
621837
496905
585087
254591
416743
282598
493566
959298
95682
718430
328338
902516
121173
701866
178508
63078
811922
479950
65334
190961
777813
326217
681999
348006
836665
718367
486373
345670
503273
45187
395660
856282
275128
375182
914026
725667
204283
885846
691413
124744
475308
948713
50790
394724
386776
27080
86098
313923
231799
463849
666186
257496
303146
261120
465222
472323
103470
819353
673952
548026
451191
884874
834649
283048
290104
963109
210925
423677
145626
962979
181928
544558
244943
475762
974335
87114
425014
572672
392820
663995
630016
327686
966957
702664
4328
38196
121732
600117
655551
469715
516450
471021
462369
227296
628710
19565
617748
658745
980650
69715
351658
283778
800359
385056
748614
517049
741126
300685
817421
932712
109241
261865
361023
499655
380945
150255
556471
581146
332760
496920
895616
987342
976207
31028
986310
553917
872878
463208
492238
863146
86492
37824
724254
39653
984224
270320
165646
230852
639079
10055
97559
967257
819473
535715
967911
169503
445174
265448
638087
633891
895623
408612
643422
51980
212223
240078
20629
474100
264918
862121
338319
985474
273827
641081
145356
366492
266262
980169
148647
43317
588790
114670
56682
786365
708134
774473
401046
920499
831868
709286
971317
591287
611302
615304
813236
24894
744240
605898
439313
673094
862899
232416
538771
414047
181572
75351
616941
547926
664796
426315
554475
882695
316974
621440
738250
836512
206583
38363
774918
764014
946836
366001
750782
565341
723270
521768
633406
239570
909836
475066
383037
835590
618834
8861
39118
240619
696505
420826
462948
713558
59125
781508
71651
353699
311161
503936
798834
405101
987926
503078
598801
175595
738126
441077
670214
405226
106606
331919
882587
681938
819908
52650
650543
448708
465322
969987
635585
290787
634230
874713
598944
942914
82096
798909
981205
496796
896940
412650
728667
204202
56979
655796
533595
351862
383776
882348
760957
596975
161515
666480
829196
331738
497928
519568
128529
280385
759225
267058
205665
964351
882954
953835
482710
213421
135043
274184
313679
66456
835190
215910
323620
177134
255848
35699
942040
553752
314340
495038
998948
382906
41689
754446
448237
548214
435083
914350
530200
640054
26986
815099
42144
540949
535504
541670
377800
104064
384677
977516
156225
613215
905048
538487
524672
909913
903884
286175
769464
253795
994238
28185
955631
907282
891321
432241
970137
527566
214462
965998
837995
232046
969537
892814
775115
97672
203461
33085
689941
380688
680475
876567
897974
394273
366789
596117
705548
434683
454246
466714
872259
116719
312751
354161
203544
410271
694844
718021
556612
125188
482263
651905
862906
892072
613434
233343
733497
467753
371958
568750
634709
509196
519438
515660
174741
517246
310144
265414
601637
673199
93602
626319
991446
378536
749594
491432
529564
202924
296502
751723
431614
654970
438629
223093
161456
51120
937922
291432
190216
593532
24936
200592
886476
806671
105888
816222
16616
584705
508464
249298
867589
268200
414885
466599
401805
590383
135526
328934
319244
452267
118229
700290
355529
124291
711576
514085
390501
68876
847834
203875
973117
987838
694979
739026
512313
411393
396105
789873
122326
889002
987141
400423
441991
953361
988144
934254
784
186995
797099
115168
296657
624796
227704
654429
265810
280872
819075
444723
535426
796353
123307
502170
780214
356416
275943
92490
298652
983488
837129
959170
320368
750964
524758
239208
678523
396258
817026
169473
665746
585501
830735
283244
540166
809131
958090
995654
992727
496209
262935
965541
664840
560186
305916
269362
141850
685187
109486
874224
726914
17434
260101
359575
127801
631128
926175
365832
201880
925574
861729
467884
129811
299902
661501
255866
360738
785296
600879
852367
271750
132282
298578
761871
209372
129463
880146
274277
792132
827218
716283
444894
900736
153997
634081
229055
42472
146995
73760
478751
600022
625693
379603
561505
348276
923183
397122
638913
524525
997798
152374
112738
860053
633372
242420
618288
830366
367572
880636
210289
908182
171336
473970
813869
838106
957084
453317
562962
432037
541543
729232
939320
634368
997560
985109
537377
346062
159673
214970
338388
479208
437550
142741
266881
492696
580466
430113
886325
341398
38514
684471
405736
598815
138244
368877
925455
24027
433442
4685
527810
871541
711112
395803
258562
674294
764268
476589
304410
677721
407858
114551
664189
711160
552445
53581
114404
496906
283777
925443
432919
909314
290784
440948
294364
316213
770027
835418
969902
137516
728482
932196
840718
43646
535842
811709
34231
145962
873381
340405
27520
37601
516185
873710
311310
632308
544625
840318
964668
815823
498525
858966
220344
285419
993333
779161
487431
40469
964729
305678
808942
939580
246072
618690
867662
509553
985870
575921
786162
534010
33484
742717
874415
729960
65581
525578
15777
876566
947157
583584
152169
601711
840511
633519
977160
391520
37572
363759
60072
81911
146929
66357
845013
201037
927594
841814
122783
478412
664949
771526
228919
777726
124489
726033
60586
425901
948504
459156
153436
867575
713685
196448
368153
127973
928340
436782
443341
44235
864389
503222
925125
76513
328127
444504
30829
149688
762514
467117
330572
884613
231405
385333
573069
406896
602913
198903
618025
973279
676601
953606
345652
991589
678288
435289
310110
610456
48234
946473
552429
909317
992501
974407
954265
733097
533131
62693
52548
765731
654543
408635
503859
617804
830213
191191
346644
19910
130643
430178
242906
362121
558701
984670
11136
74557
425693
955397
690002
351703
127569
750456
921699
63767
560989
797110
409006
775423
249570
910313
851070
736627
778128
510820
577156
747454
813308
554828
159003
508684
282612
297785
221750
228404
392155
404059
719044
734601
402233
45706
866975
413837
75658
894001
235890
694561
471618
781963
274521
856467
917386
398119
32870
721543
338154
722928
727806
795842
858122
8002
638542
74874
836006
604288
186104
656737
89769
689846
74869
794702
120183
534181
597045
144473
481458
281882
781647
925172
741098
533400
698431
245298
664602
743452
637905
203769
696268
384737
932186
713461
211797
511246
497221
275025
498109
68717
949220
10687
367130
757113
877176
203117
249891
15710
602964
585836
143009
931022
448149
823451
313500
70699
16412
538918
938158
91297
597425
972185
566623
98495
669210
471212
408077
269058
564078
592683
933770
378285
361606
677755
857144
236073
312408
588054
839539
621033
436907
521758
889970
504280
249900
112755
135415
923189
856611
983307
677510
252126
219918
633611
890411
672799
627668
731691
17892
380225
445834
797665
261738
937406
257859
592806
690655
779587
206169
66020
78820
745269
258942
242849
354023
686783
514940
110484
666541
62809
988794
154481
573297
194835
55792
42858
558246
899251
296315
931449
465058
944031
817338
607141
983223
593387
394048
336523
265890
636508
365504
381217
353545
600854
611455
825212
249219
907231
731673
420693
424862
366480
21973
64475
375149
392600
101364
179856
594345
402553
349914
527537
859853
366116
199540
649652
872030
589812
81540
382200
279713
785920
646959
635346
111261
268407
629149
625795
49846
45324
153273
174155
986081
916706
213769
726633
311163
411733
793057
368514
630638
396256
763024
590185
768913
837092
508625
748929
787019
996112
64215
578575
257814
291459
973608
970899
725523
629079
625979
932415
673676
704000
215311
703076
536611
851189
926250
86491
133624
181668
557626
397103
110291
901270
195990
728645
208643
159858
922016
60472
761060
300001
282912
981152
890234
96496
324592
604526
758645
503658
179959
647901
224843
347401
988880
935569
800302
205320
579448
99594
995435
698034
81315
136190
874180
755483
416512
428734
12537
584014
304055
865883
415244
143559
854596
184010
84665
690653
891354
288104
408080
605353
409543
887555
401778
987336
122906
168593
882833
264282
965582
854091
992801
249896
997144
399136
281389
138376
467205
874442
725260
718214
856763
641043
706507
902154
333403
786911
12158
36802
459144
322217
915461
865804
618717
69750
923005
156138
781512
199909
350701
307686
771896
698583
805080
540131
268668
809956
416937
817631
653928
774626
180720
544350
441891
498829
189090
502458
731056
296287
256464
346308
597114
359740
395294
511442
974051
478312
441051
914751
33363
413238
639355
507402
383373
481447
706156
341866
453198
289568
863138
939498
340541
644863
448007
242025
45421
123439
491222
995385
622363
121486
311003
544496
844201
121916
323022
405120
801412
321053
289283
113815
85926
381720
35968
335810
827901
444150
59723
841375
825640
17420
273093
435811
971453
725214
985883
785497
631263
839605
553440
274579
712704
680174
828488
989646
887022
862745
454683
98783
14037
661941
59874
947647
161388
474605
306574
732652
303471
49757
45164
161108
932658
488286
913393
936729
848088
600121
399632
235716
603872
905221
452175
569238
869742
800607
523013
249246
218713
693520
295056
674378
951131
63839
585884
842913
400723
694845
144676
37753
399929
623850
162115
738697
711085
468978
971452
737642
908024
474632
699673
658487
324040
683929
998207
971223
301638
282529
543178
954522
442892
631021
135934
762422
602492
883709
744148
891555
876268
902975
217776
538759
79056
253913
759296
654035
752757
519714
330774
990759
81825
669745
216261
676005
600800
757602
741951
586269
825670
513156
183865
192833
116662
406940
632140
644334
637261
998786
877930
911322
467220
915248
588277
207782
888243
565739
882670
632765
319484
579015
87792
590827
105504
382678
35319
391551
443335
674243
571193
337730
14286
63256
27459
82445
882154
834179
35550
332630
496189
75057
191603
823899
914053
37139
270113
531214
444227
750687
791173
197875
890938
41861
694635
960921
953978
726576
315890
883405
42162
29437
206368
565569
549403
428136
133090
42762
806556
810620
785928
529468
705919
14420
265090
773458
755584
950977
878431
575019
800205
536076
823639
836959
941051
878191
115591
213612
70861
481627
459598
851049
937123
210208
443522
818023
560951
92376
533738
908835
819735
139200
788320
832202
208122
166068
238250
869690
702652
154530
636080
295263
739270
381194
976180
875275
603552
385187
785603
937681
734988
821617
935024
58996
932959
277541
665682
260004
462254
44872
585435
675484
125304
66207
384423
903923
326724
223446
901936
129602
936090
789719
389024
731537
214059
379715
37862
145963
144668
977927
550756
9582
556374
259879
405127
96610
178490
310205
287778
607740
132292
665326
874945
962574
725261
485054
682681
939470
676644
857189
872802
189596
694203
41622
543590
384155
572716
623287
728379
616048
355971
405387
172326
607273
448734
176740
339897
609979
762856
878594
329114
427573
595594
229797
444600
752599
569945
877274
689501
230084
483933
981553
252245
131550
958851
98009
114716
753041
342383
929217
42608
200926
743344
487983
944643
68990
294528
542433
407724
568168
792610
541222
158542
282272
828136
616509
727098
564366
934315
905294
573828
188929
960084
593746
576954
468538
151226
707562
777278
397397
125397
427917
82161
254074
975193
102572
623986
205507
824446
179367
211735
283633
560734
693117
896266
407637
589467
702002
735103
591200
639814
427097
618804
470678
711655
411787
138900
814376
153978
695369
13625
804192
804467
475894
234404
480428
302087
991444
913014
878861
651901
923306
284559
409121
801140
41813
221491
722889
918852
549736
681147
908501
321325
822633
286620
869998
155512
29865
765261
299931
335
328581
390451
959213
959337
610568
614933
729465
56515
849266
636966
97090
645957
396042
900263
870284
148132
818773
150379
750486
568329
309623
955732
539094
630673
4909
852404
955730
744394
683182
865425
827161
586726
626019
242809
59500
373197
561337
221106
627018
879129
681748
868563
537387
474666
146484
819787
4444
68870
585332
888450
154276
410338
12136
386411
806737
611279
570742
395975
706088
311000
425364
633500
247667
34807
425950
572606
258895
438863
786558
210244
117044
705424
442019
320070
612884
295629
632765
194652
635447
290594
832114
135813
304656
630396
651955
884577
951063
301216
875092
780246
338148
443036
645105
519465
813808
55669
105177
161272
768806
328116
429654
986048
941517
366171
503331
537227
559293
919666
149399
814005
777408
765584
305536
29062
626996
656604
240513
338578
694980
558295
674539
666724
214384
928194
105537
77443
782720
222870
616348
144165
733497
934443
740922
440443
165421
652706
148190
188370
134607
369180
207444
315390
626704
44313
174666
966296
694292
899718
197298
30998
127232
89203
631116
784767
808048
588873
793861
977221
766768
948854
573672
10760
937475
89777
931125
502875
422197
134314
220046
984572
30517
104530
235677
189802
494951
206053
707005
686800
655911
883897
20220
849497
59100
844747
418125
580076
2075
343118
209281
999673
15187
411085
784840
388372
657206
48302
155784
408947
818637
388856
515370
990655
224499
543759
855524
111978
337509
226842
200862
210726
499531
857675
785626
873898
375083
91156
791078
748068
397292
299381
324401
166888
946005
161353
591329
287200
718713
36227
141259
324645
373027
668882
973208
346030
498633
433065
801152
275649
183519
940579
840964
292920
344334
212443
622629
301072
871798
589974
391126
36960
595723
694025
823577
30603
628147
20074
549420
5222
967208
856528
186981
418028
964909
965367
812702
9672
559834
274575
765437
188944
493302
225079
983604
965076
928533
66064
570936
89799
140410
339043
336814
613026
343966
862482
487569
223642
115356
310535
826768
807569
287280
181636
128474
814624
871069
853906
833654
568130
529411
719793
356206
965896
153423
18572
444755
514955
770960
943601
818164
680366
472957
353453
976914
561888
254387
666417
836873
829222
858453
690493
618188
890739
329295
174918
664327
78849
165504
899931
16587
671281
131107
405326
532137
246251
821254
912066
285051
479189
694578
504577
371504
787568
858772
545800
19368
288531
37527
164050
159883
440609
969389
372071
993048
396065
256423
901714
737502
252826
930083
563576
41553
172275
327356
527338
979994
299947
126977
18080
232251
275717
523812
576335
218107
911197
555899
696732
628086
741563
984689
650856
735948
658927
125037
334437
209070
183296
939548
969582
131890
799222
297038
134868
41291
118372
792521
637433
529055
85890
995098
773464
180132
869548
900434
833874
600137
833555
863417
591993
972118
764473
262709
47351
959344
703036
82724
113971
965252
506115
261530
604625
189004
167659
396748
750803
765164
875914
679683
977947
749416
311888
276556
800573
702326
44501
785814
572323
473862
707818
92601
116784
410970
533412
391515
879356
67928
46828
618347
9471
525695
355626
478549
561556
192543
780292
860491
220509
969306
165171
634947
143614
841644
81395
753302
141890
894899
617896
365284
563904
365522
110253
504063
850435
805818
967529
386802
543300
627912
538665
149088
693830
227278
881579
801110
500920
509035
331944
202089
598840
746470
512300
629171
368536
953936
241462
333089
678719
552066
133501
391017
391640
327510
922944
185115
33800
669302
586605
601039
751876
655083
306316
636380
322453
716940
445313
969878
42837
705032
758098
972841
648646
525788
663553
740117
368385
817823
506707
588195
970108
686370
644404
54415
42254
416519
123133
12844
691303
215289
996977
565494
50739
542232
516331
629952
530747
182836
218790
602853
84455
773820
915986
232451
673736
178083
78183
350842
324124
325586
157912
392073
230928
813793
142797
823829
678547
199407
715012
822603
545619
735717
892620
97972
41999
887128
350093
15788
964940
701315
375957
239572
791049
258931
424449
496836
160019
43359
526291
742726
305574
503760
5369
20614
536603
152526
600246
427473
598925
44527
403228
857961
767643
288382
744011
335006
145141
907659
85314
726357
294279
163958
98843
399762
215307
655295
477890
734592
389409
390171
817318
413677
521851
379626
698228
403508
303724
321721
573339
391151
548941
249608
557259
371063
118394
193654
34856
410666
963276
929426
836439
63231
727831
193460
850893
514622
263843
137661
701130
194534
280403
891320
700283
733161
402738
420341
512766
452913
642838
608410
581326
420612
455260
556806
633460
316929
438102
358784
483032
131058
896620
455389
331018
241378
678375
421234
184575
106783
819954
995146
457823
408099
696
255435
783635
258882
698676
739557
353072
584220
93115
188785
597645
150045
457907
270860
722198
832306
814361
936492
878101
746207
460966
715910
640080
543939
864330
119190
781601
71220
240234
287855
67972
148363
696072
480055
506113
284415
731074
302859
594989
843361
636094
860539
404728
877364
462604
18251
466708
821906
761075
567099
449035
482718
971693
61657
708259
710260
708148
98863
295198
409031
400709
703274
771274
368962
141147
858896
515945
393897
670098
769591
934692
158162
587415
423457
692294
772976
553051
404599
280037
595902
58128
502956
208052
989687
403017
660667
248022
270794
632346
999945
384703
90526
294793
173873
213270
442242
774630
45162
829509
148855
41002
941917
64312
818152
789866
44814
461393
461793
95671
340176
576415
310282
378749
128268
281211
83907
396914
756900
941977
991381
342071
723145
287097
159557
986810
851572
749521
455366
632276
623674
746868
606558
125576
552110
895750
101854
213827
553017
461896
933914
785977
437000
574997
188066
11922
522837
745605
22841
15685
349773
489751
843826
482148
751912
896859
316656
780446
308307
505778
284545
69503
617758
626904
357653
715586
894232
7213
825660
472278
678194
286538
13246
447199
423527
314067
419280
295614
938837
163464
443477
388439
654144
32884
232641
754849
592185
991848
527674
725917
387039
849825
996972
284649
979370
750719
182004
782183
124928
751904
801390
580281
248395
454412
583829
625676
950851
814667
590419
779464
720341
400205
749211
891541
109666
579898
206130
826918
116912
124779
271850
882690
33764
778207
571033
561176
868702
242317
323496
475631
848225
146387
865490
352547
242295
543505
480934
282704
817301
297214
674258
622732
93060
210195
822429
195257
449964
127067
124259
804776
582346
826718
39419
681015
260847
692529
144801
576269
667745
661475
567817
888987
740836
530181
743222
391212
204648
971705
986994
969377
366420
946016
173885
148487
917021
122298
247586
196340
314569
449307
728582
521323
564118
467248
671602
629223
415891
514636
366860
526698
979431
609162
911358
877817
760364
136898
190948
550214
540401
938849
563492
223696
579870
174292
842595
865852
307315
103005
98742
805384
131029
515352
314753
146836
222747
216038
884946
308562
736140
994880
629241
848503
318611
198763
273860
495614
219600
49435
802804
134367
886421
595950
520082
825614
530490
764001
843998
445624
808463
464743
588535
940715
999540
113947
165708
111553
697811
152534
868810
404608
440484
116480
660691
29751
149162
173613
455613
656826
89936
647908
833463
355104
593265
518467
550960
822390
900974
229954
71837
5640
785712
314500
394707
827032
470648
766371
264783
845041
429240
614210
521846
186027
888383
680017
446415
471955
660103
937383
4148
743843
274569
214632
977469
642365
545870
723486
261615
811632
351257
961304
163515
748526
243438
132582
814419
694678
233038
619026
785198
572283
295180
905787
594786
506326
121023
11238
487850
292547
347929
526032
829839
492359
321643
182541
483171
674398
630794
962576
918693
944103
925955
31639
608398
588879
457191
961035
5337
902372
36426
776595
771393
596752
887395
649155
252947
501494
710412
899045
185770
885788
249308
88496
938402
503373
83558
319750
79260
150978
18662
228705
329735
737811
638879
405177
275352
610032
679249
362893
205029
265760
503272
702633
295684
417808
132580
302265
576341
19320
832978
570015
36504
878979
507012
386332
497016
331435
248933
194497
992897
527959
954041
23375
668174
405262
140125
12055
161230
29996
442857
541139
951029
100179
821067
90676
1510
79749
680733
235857
958173
510723
752246
459613
440210
857095
806803
447456
741302
455703
925972
342015
785495
438084
592907
920477
772791
257759
838172
588430
910371
72867
925000
23485
597211
265135
669040
568758
364938
13540
6603
987160
257388
741835
220877
4312
671837
43487
752688
490699
420025
394329
75514
279409
652737
957805
407805
910435
964482
50023
909757
90761
986643
391232
868671
193713
421137
701745
790532
739413
737277
845536
901146
904251
685872
502319
186901
5989
107350
694252
937347
72898
30826
161515
543512
685593
615075
640668
501305
776011
88362
407093
825538
712593
365182
343620
847500
394559
126912
501272
84426
965233
879418
319219
187718
876981
271927
565366
708822
182158
200448
96504
242087
69686
325056
928047
642598
999163
956449
717805
956236
396608
471032
339745
636650
178148
812868
197607
134866
459849
650618
379468
445766
969661
664322
741734
917876
461347
364961
485575
479330
89700
272597
348744
63639
110704
198677
482097
204347
569124
151781
306105
300044
61340
289521
143843
267285
146229
570584
979893
535992
941585
806667
869032
887377
417345
575328
327773
842384
124671
827246
247408
904082
441950
972110
715912
150080
277141
810174
599042
486869
68217
898025
397694
378154
466286
860150
757504
265273
481764
279087
490811
985473
130212
31210
140764
252419
412679
215062
498306
63801
575059
285218
319780
385888
609667
564451
123435
790346
111803
264686
373671
525913
597119
901903
250791
662731
654484
874368
800788
97530
347956
529712
656024
278010
45330
433242
290006
5827
282876
200865
852668
828317
738630
823331
333362
656098
943587
992191
800344
242867
6012
975537
635962
256627
860331
979869
227722
619530
795152
138787
18161
953141
12238
312924
906445
810944
490883
884324
608308
37661
307429
786909
708148
5323
596933
659456
591390
952423
846316
414717
189995
284434
246243
543157
384350
239201
455709
737781
983351
629330
420912
979780
773170
668027
962144
690627
105960
973932
571094
253954
131153
186272
898593
158584
423151
51101
233202
713894
189630
88151
868609
846377
765866
672858
206387
351919
586270
538125
615365
459640
712493
349281
173190
126196
389844
896648
112332
83585
510721
931306
355534
104255
31206
23772
241841
129511
286341
452633
189198
198416
70834
326265
356610
934542
160435
516736
79944
944598
450246
587127
875599
528844
480301
504072
95079
909247
939969
272123
734024
150198
249552
155850
912580
94110
649639
728078
815538
512860
819443
983403
788735
718744
776208
726665
650864
83934
719445
456340
420031
723482
499981
431546
150269
767719
990366
8371
393852
621344
869722
745412
254101
857311
349736
459887
459825
767114
626224
771489
34673
90946
238686
568734
177943
726826
695757
828874
502520
558724
478761
378782
663862
73166
368303
484725
721686
587855
273615
575637
641883
218036
747636
851569
274451
562207
958884
699054
738846
138955
369403
264938
328415
977468
277773
921619
808117
755993
105933
876670
929628
187887
683240
211277
818498
23550
387330
71249
39404
584421
836199
37831
24754
938683
779262
859411
237632
990633
302984
172904
906703
360962
557066
185732
185545
461956
352714
874369
969660
728993
856469
859909
258706
343526
417854
821397
2101
8099
307312
227572
367797
547315
483294
829205
41503
100947
542041
820945
520259
974108
293845
332686
448691
495604
718029
918118
509911
486599
881678
288708
823059
571065
421846
162499
818932
704183
637783
528775
744905
713306
861214
481779
886571
774133
495153
893020
447223
741823
14642
497912
271782
809559
832872
253105
107373
567963
221951
174911
445210
883120
335012
408471
348147
800782
53747
360914
515682
938262
999134
879916
42200
340735
40658
559821
406614
163027
923095
672598
637905
453411
937389
373755
985121
216166
190812
986759
268469
393913
41012
79596
227561
719171
88285
779237
433320
982337
183300
619795
398031
767353
865872
361301
607087
808595
994908
552415
916045
791774
823112
156706
35453
660350
644364
147690
212747
140336
721674
35183
319662
746836
375652
282982
935088
634627
346777
214794
348876
403807
836063
648193
101110
258062
140231
731501
965932
436908
76381
252460
474536
850334
562396
665707
81772
974057
635953
834488
868487
859578
306408
205664
12489
982905
446782
798998
368953
706604
950025
347449
236933
855820
696576
755827
315828
806726
932732
214102
58854
376719
38282
931790
97576
873738
285765
310829
116659
597051
380667
841531
549108
826094
767487
570412
462704
777688
454928
369305
701081
812770
101900
224615
567010
904979
208452
361587
508431
519132
971417
826817
419190
695527
99669
188997
731599
770195
572952
809006
568839
357248
438021
348125
122278
345680
655203
775681
391953
290187
365355
964143
585403
55047
30492
891504
307056
406791
286577
564900
651676
426386
732551
652459
875635
139084
256193
796819
952622
638402
803335
299684
724019
578387
506774
179340
184168
530335
180671
531802
357130
715460
314023
876095
13666
537799
265672
425793
262646
650963
377806
765034
30477
788200
823010
758204
317046
970625
766946
795593
100639
423137
383597
711205
57727
166922
788779
398820
61752
169622
71866
362272
627522
509204
920519
492606
656837
119248
471950
835846
854068
588650
307175
936498
867501
322114
347538
78220
243942
471909
378987
270621
25015
879232
837331
752270
712892
251718
515777
109588
392399
353810
288449
572910
680907
942996
298475
272679
560193
808294
580493
62074
932439
232558
924308
781265
763697
893282
329732
915886
372603
209654
526244
888401
994827
935987
925679
825717
569451
583310
315959
965973
745853
773442
600915
308541
267754
564280
368597
124464
981819
573823
613623
873470
462317
868744
845580
950251
609276
726544
365353
171139
813322
75100
377549
489093
76680
687622
560260
743250
232358
746286
747273
793108
944846
33703
845421
801644
17504
824729
691580
846108
452504
75968
38673
932457
152477
387229
899018
71512
298193
738650
674453
748934
131285
55425
271291
987821
562031
997715
775457
165751
677510
520845
996730
417238
79597
549077
106966
658554
609698
625990
388287
567881
472520
565137
483506
972503
478133
95027
180003
642778
532453
347700
475095
933623
369841
222480
367438
466082
803863
702745
289524
457250
646269
795280
36858
923846
996475
979641
725333
455898
964437
294102
760759
635242
423828
744192
991497
657117
78880
970579
239574
954589
884518
254280
386961
343026
644616
859252
666091
89831
263219
467733
342613
969410
815801
916896
764428
44277
573360
452006
563104
181909
121752
777233
377411
278861
890355
187757
919556
739141
138000
731731
499728
130501
499588
282367
451561
766700
14015
871257
881743
758406
632330
712067
192612
766599
489171
211244
316206
864600
621979
595471
773886
579389
724631
807643
584007
307363
20430
646944
692326
139115
450116
249041
410163
315996
641468
766549
835075
440672
352636
104159
892748
147946
402716
988115
783688
304702
117514
162267
979113
53347
844403
215451
768862
221147
321531
332215
133973
521508
155988
548720
628569
860013
786308
688679
930009
712507
719460
363579
329647
573921
714497
851238
932916
390322
745999
511707
422037
978478
970189
759731
822954
60992
999619
207166
308979
620062
909178
222847
149696
436048
5456
713927
517245
986731
930321
311133
888842
757194
721163
409179
482446
988282
958
748308
354040
602533
21078
278611
683327
924996
385886
43203
106514
930948
289325
427148
863693
667127
585598
741101
757254
426567
250348
37512
878683
656999
536776
660692
590113
883653
707281
28183
794149
475084
474234
858282
886120
196485
760337
376555
900930
89760
961295
173114
527032
354914
384403
469634
47975
216666
493045
372452
545648
428338
216447
859583
8286
496088
174136
387147
842716
271681
771349
260944
943903
368180
123816
595137
19909
708053
736425
261910
249128
902455
738175
396713
83476
874405
696674
989783
377989
517587
137768
18522
988302
339572
385591
9571
580168
210384
319273
847696
826553
335313
610227
702526
650950
950519
814593
621290
723152
482956
586641
259661
189090
631816
419630
136557
227945
181562
749550
903100
592540
506909
51074
123252
7219
191480
662268
142815
223037
385982
985658
803250
327634
809412
398412
102553
549819
613180
613994
74061
1893
166677
597841
577952
437597
69198
255767
171140
450157
551208
110372
384197
717852
725899
832281
705357
980509
955708
453278
436181
934858
395571
639626
412222
914640
695591
371968
205882
164620
924700
228778
517962
564542
394409
296667
66623
530783
571887
212475
192369
406671
66239
611719
511082
373509
44989
497496
114528
371427
652069
524065
925584
200638
38481
598896
545720
287038
809977
152633
139000
885924
995631
938565
800436
939758
695659
925890
913888
782869
299744
601025
179930
468858
816399
245251
74251
446646
307115
150749
584469
979155
608933
446092
289098
876686
576614
202815
678694
70037
637328
934340
268448
23134
301750
533752
18984
543317
229536
39955
891450
880821
551957
372854
967673
524703
359230
76740
150455
612507
976447
620536
897751
235130
717106
887659
825752
976022
2373
629100
639685
711587
157269
367757
854944
749432
496425
815217
693956
338114
75612
634761
167771
366367
533570
967387
315708
845451
597676
383666
515478
66541
600215
678673
455011
727507
367558
925666
731554
920298
291867
693503
993124
476617
535714
379707
918140
565730
719600
668615
490523
62160
771868
549774
146153
995326
641775
248919
684123
388092
212337
851212
344088
303537
399491
100793
840100
382368
789310
80818
944067
237683
457399
636436
767627
296586
816197
898433
780805
534192
439302
266950
116512
552011
684974
645706
6244
366942
709511
1909
67813
547605
231682
789069
970526
91850
782096
160278
755431
227717
510606
345192
893109
245495
825630
725638
945808
227269
680106
581358
365979
374230
85069
412028
848712
738223
887144
842443
341865
630995
616373
459356
950224
242119
137787
603285
254920
930394
149215
887412
320830
608613
803122
320137
343000
176599
771763
125861
223700
425113
882770
539419
419691
340524
306159
646901
500763
673338
481369
99070
594913
767403
100388
54884
937231
320149
221579
993700
174155
981582
748162
652654
205803
203075
164665
598071
742054
598816
562726
315297
341826
220207
547877
109733
20956
822159
646429
202798
462606
513218
403370
734937
256564
722089
494317
711131
113523
657856
534846
628664
543859
709766
116569
119529
408532
78303
515150
508284
909210
34076
73674
97794
812689
390581
564117
705822
686793
357602
155000
887119
731585
862555
525977
269309
135592
742748
998235
701831
848053
462950
675237
616608
489933
50082
61548
273356
344497
49063
918648
691970
118781
322297
295685
959580
423992
347683
531682
737262
134727
259739
966516
492838
303525
916635
525232
488076
117506
985118
120581
731300
57074
701622
435836
593366
97578
883175
770114
822785
971885
895978
153301
779750
774047
103589
793395
446408
423823
794237
554465
952554
434565
350241
42993
315744
663306
150322
178823
217066
499886
82050
943736
879720
348838
568319
107187
324121
524578
671774
468909
326757
857913
61955
170477
920494
646211
181501
261324
612380
901025
396235
589025
909507
694929
907425
847357
997503
773506
635937
696708
656373
205150
960063
125127
765787
41970
165232
370290
89667
252044
373021
437641
948080
55260
223839
135792
134581
439092
43532
362432
700110
294101
206301
245740
980335
299567
293487
561457
327358
180891
976758
421729
835472
630860
681453
60031
573487
368956
921993
827849
498682
489962
82707
97782
427105
430985
960886
259360
60657
683531
553061
710310
514600
665086
454428
671743
951075
893815
801682
338635
15392
451771
206029
757776
581244
984447
809985
877382
749842
143459
949060
610512
841981
179559
764432
379841
249562
425399
560237
793942
302669
272632
997156
730437
365214
153079
410842
621233
276632
517990
141996
46418
160283
401594
90242
278965
239978
124967
388293
970047
770244
231630
776110
279045
805980
218315
401044
844819
652947
102765
671695
221088
318092
931529
264484
162948
432294
16611
827074
981502
746450
518218
743234
689851
519030
253875
464547
659632
549272
505656
834635
129430
553120
316248
61591
488775
474503
997745
719011
376173
602352
382357
68184
369949
406906
185975
33479
472634
966834
858924
779075
572169
447647
495769
705017
19545
914214
417740
290382
364837
7679
515438
997839
627607
187023
328149
118761
407956
434390
507828
827257
370818
165077
556873
313098
608505
608541
577465
120973
999421
320398
454021
374172
858005
165585
930622
221950
665253
172467
722356
40869
87964
592962
580194
90495
715360
327009
107998
33198
245450
670379
326994
903148
451993
264053
820846
105754
592350
847954
767447
134691
834078
694560
609754
338250
47881
959764
990849
637399
195678
955724
296061
814211
556781
617036
70374
38060
814673
624780
563265
568306
411430
888852
319810
991490
222147
320655
853658
676449
93771
750560
243948
402733
552907
764873
245042
108287
18975
723252
117353
307944
63421
911759
665838
281919
518891
471573
405209
906602
236244
122485
595623
271808
738000
707054
937464
116116
767488
118185
849942
529326
172226
47303
681230
819593
59622
517153
567531
828500
648206
588302
608677
25764
21842
900794
380981
78321
837448
699040
176169
451650
46395
496290
462035
624999
675666
32028
20642
92814
795046
486321
982640
125774
936647
210374
258879
276280
10119
194021
487154
340147
752671
320138
561980
150486
313319
682200
272971
874621
428848
656992
397308
95614
188726
236449
622537
158256
718141
578834
111453
471944
624265
395638
543281
406944
638085
10838
115975
671643
582476
462274
663526
772726
311399
126167
756266
168823
222780
7296
509935
517385
560685
605607
802559
329434
565035
578846
913432
417472
834495
945007
593352
808335
75676
819606
7786
285785
784034
833255
312344
60428
390195
518851
719500
963269
217281
257466
369023
365316
786897
177138
124291
71221
201851
202176
411118
274007
583611
210002
220127
210092
565152
268060
67408
976210
310733
330215
31555
899479
444376
780950
729785
673546
885362
586087
818720
939233
570993
246140
948327
515230
121922
192161
909897
138664
422812
331743
109653
696646
466599
755149
742985
609336
440883
98506
585096
624604
518394
140892
951911
850378
617901
196784
90868
774483
930247
837097
10112
717167
83911
730831
594882
24439
220147
515431
476119
646368
409944
565223
764500
417909
885282
114704
257517
488840
199181
460140
431718
499637
786685
345997
909770
697530
630641
912461
711988
529194
565842
954493
724138
922892
814454
262898
549552
752824
565832
342541
966226
154986
951994
163376
545517
423265
23370
1250
696255
865137
982138
166380
741670
135655
575736
185063
400458
47572
751915
260886
235525
750958
162417
913819
292112
585846
719497
352093
552120
665919
348103
191441
233200
143170
622562
542072
846118
156667
183305
427656
221292
259538
619291
428505
621560
187110
667997
119700
383006
597921
806561
77338
97833
373623
891003
650064
78977
289052
744402
320357
986828
264620
911303
224324
131605
823150
907645
659434
338161
118140
684425
122713
528163
310294
239171
240377
633008
413996
97914
544446
589687
850629
973893
638299
403687
811984
81542
602130
885866
10806
732647
341372
946330
113252
26435
771101
690232
199048
52004
633678
415142
464884
539658
186829
593008
181985
214645
278031
979812
416925
457323
749081
85450
440976
155005
829386
337891
408846
909214
959382
139443
414429
348765
554060
458078
29758
461141
626558
573736
814417
483258
524433
60927
756533
448037
569080
487447
367323
316820
702809
226092
60795
927307
452753
70112
809940
817106
807535
8394
553528
912353
631122
777841
890125
2383
849053
438000
653786
14009
949176
880630
905519
649560
511031
886969
803689
356762
410761
517695
967435
778153
633870
927379
306209
629842
747489
594748
772611
48417
209788
973475
620941
322757
550962
662146
72137
217326
307295
539144
310217
814751
431407
171260
596148
531739
230941
134924
302798
421216
384003
314143
352162
940107
636565
485307
472008
840762
836690
872235
945595
751538
281441
852647
853916
844459
43804
23108
781143
413631
707571
514687
904205
592312
368931
187748
735405
911086
227133
787685
733266
304882
726679
204423
509943
18371
857482
855295
326197
889306
544120
386497
732672
738068
834902
927475
210993
980161
539170
353449
681631
480232
235189
878751
468310
21163
669822
913244
170163
248825
565730
505197
759786
671734
497840
812457
272380
247560
843157
91911
864727
248730
558506
926865
229968
525246
558547
156319
650505
104503
529853
190428
829745
628739
354475
987972
658699
702582
731688
739856
13846
987214
24300
398389
1720
116090
296567
787737
72043
137133
646723
887071
681304
750545
679111
59017
288112
368225
65726
581461
500205
965292
277199
512011
394340
960385
723064
180338
670189
955149
903445
833461
862163
505498
803159
16225
840178
169432
730953
427315
537686
757884
568873
890326
899734
837992
754115
256547
161441
433048
431691
421992
410607
797279
489015
630600
37132
584717
686818
234152
233
575578
225242
262337
379232
188218
199599
15006
187963
13019
65069
61893
953710
377626
777889
900324
858191
217033
615639
265770
805888
362202
679283
657324
654426
382252
400997
329082
778847
35868
234926
965504
419859
418516
111854
253109
512095
642430
528947
192513
736255
288005
916865
679305
720632
368209
590710
644758
882086
627752
107287
262408
535439
926274
129326
923401
886059
149016
745538
952229
2398
938615
927378
984591
523519
650611
654157
225565
198390
652656
681417
970199
145550
325689
772327
231546
187588
281868
349653
552029
980264
931023
113802
510311
581219
358443
648837
93962
549085
378096
824418
89586
278593
52856
620159
990841
836289
480329
861331
178447
309970
343388
916202
6719
660875
895531
834101
532467
402071
938303
837247
962308
89217
211782
670236
148802
356711
585298
377185
687606
266855
670958
965786
492245
271963
857088
196802
75349
103596
115703
65713
5774
596458
276642
508921
770036
12331
816139
347212
679751
987284
427225
513178
748627
918058
74133
800347
142241
69560
707787
950175
372031
515747
23333
5259
328016
978279
369794
390088
648741
710259
512090
225788
563163
703832
726999
204494
67521
683948
272086
842841
769709
847992
345089
482728
349744
798305
144239
316291
164992
281201
677790
545757
754553
345087
616877
432731
978493
901344
593969
607482
304636
853986
701989
270916
69315
569982
331563
45410
887779
755291
783287
494625
640870
435977
550388
676731
561169
907524
322241
812770
266111
308841
199055
248878
406908
973368
655839
239154
499004
684899
452305
157978
633524
986692
504005
273573
343982
188166
182003
126595
852070
65796
479262
630226
998496
770439
87348
372631
874614
194539
519075
972204
370265
580585
993591
772167
602105
880454
50317
389923
183282
641217
952045
357976
175243
511596
512025
680687
262659
903061
882114
431122
481352
659721
59372
547848
669283
587565
707519
691602
17933
793410
606232
542904
937186
886407
951324
220756
809695
638710
176823
812684
123117
226195
51975
906169
122689
20935
766276
552176
238673
913609
48477
948187
80069
595913
423317
82101
296551
95594
654565
604713
445688
99286
234987
717035
565831
106760
919232
759991
809038
410963
848092
81266
298609
384525
822482
4631
748160
693586
469086
414437
562
607539
723616
237802
269027
76030
537664
514785
339488
923370
15134
586686
325666
833682
651009
556549
1033
492244
121179
228342
736094
381464
834126
592169
667565
44478
749053
545984
69544
75715
493112
35772
694000
535569
741803
957817
431115
833817
535636
69599
306131
584195
522960
321870
951473
35591
173677
519697
463772
179655
963431
460032
559511
555939
148469
538400
499614
194530
823986
861793
252492
223485
90693
116229
373268
879371
17830
571121
609935
616791
870334
217508
938487
319456
406172
583927
380676
580338
895664
582260
650359
291709
583451
920023
427431
341269
361645
224220
64328
707692
524850
104033
608058
760558
635676
852283
531432
710008
954065
676998
318482
381440
563980
309451
176094
858310
872287
169255
933849
230579
490188
361694
175256
739846
963015
45099
796748
611858
438673
462785
848560
98297
650678
567230
550695
95331
157364
304964
754183
808320
329750
479200
147756
726285
280116
393496
659478
292390
733192
156356
610248
944119
373505
356373
427155
331057
51664
973118
90571
86552
273680
969366
310723
111677
30615
491194
45155
379297
203051
320030
600120
707477
427056
173968
312522
690844
785823
372648
898891
240545
416086
863989
724723
28488
339932
835085
545643
525395
111992
246117
894600
737572
628303
149812
309357
744610
152631
416786
971780
597624
943338
500693
743727
519673
958893
359996
839615
520354
936580
141990
823056
277407
352547
115992
33265
290678
877472
91441
920987
157854
645420
29774
259186
997329
158623
829893
512679
409196
406986
452899
827603
692193
391093
329025
997336
242704
347471
101081
551314
859431
277637
530297
766512
150148
415521
929087
28239
958947
590953
576135
547450
823250
688939
93488
16305
575419
939101
86141
896402
42550
998239
84927
886167
831512
897729
725355
86685
77562
31455
806068
437261
425786
569139
899693
35923
841484
663353
972249
792072
73900
901760
161387
980711
127726
419809
862231
391265
810184
364096
860690
321086
876968
582388
805970
597648
672296
426770
950491
383555
963757
257097
733063
741984
21087
223519
419174
19425
28012
652987
579029
239548
280904
826508
595107
537692
585439
307630
522087
752878
983084
506653
748770
216832
967804
791723
271869
375519
534890
103752
500041
79639
555820
589439
579208
785069
621422
519746
671385
850246
849931
464075
51598
157169
550663
952926
400210
458382
2966
343358
606200
422753
118643
895464
904912
991836
981939
314057
339833
976623
518227
79445
751943
924094
273755
301938
252223
904321
98494
675153
586798
458911
361104
294816
99743
407412
929380
874824
221731
621924
519792
115433
817110
917591
593216
539178
665550
90102
901459
594514
793183
899480
381068
793072
901975
664657
177026
181211
74438
927856
38433
677897
661027
810958
635957
241486
57588
887371
778967
781941
20011
109737
639330
48263
791540
383131
963328
69275
688647
926441
303879
687570
327138
414515
930113
15506
426057
424111
236525
412913
816066
9060
507154
535289
911149
828869
83847
702771
143392
461939
869164
540835
886710
367328
278171
83502
763281
66647
902883
62079
515027
388209
358739
975759
841705
113730
582282
152925
327403
845989
676083
632264
813868
397579
748944
835338
838980
646683
41527
721026
345531
115310
86910
554733
784059
482940
658768
339605
21168
719092
67254
498416
968926
527289
208408
747796
283849
756949
25159
627748
96610
836616
625422
700127
358110
104855
880787
253887
466856
6759
570404
536624
367470
838753
74511
551300
33360
902882
295326
246084
630561
55204
730786
409715
350855
892515
565250
243797
713228
162375
429971
88621
50669
761977
680943
227242
355952
216256
213575
82593
930784
400966
24389
264670
249920
558429
8113
112104
805692
119759
778682
318626
500711
881836
77925
796948
572717
305763
319505
671613
585892
335238
326762
423706
255236
837489
294934
402161
722903
506682
667327
554068
471788
14340
492168
966743
222833
45407
50740
620089
961551
494579
538572
959632
634156
831833
503925
513630
192917
687021
740722
342685
346476
842511
928894
179962
418735
38796
598323
190992
848482
479438
160867
183361
385680
787766
630027
142478
151365
825246
895668
636011
171383
985267
140935
245246
448394
28273
531583
658807
198418
78634
51261
770898
727354
403247
155693
920620
768126
159425
323374
821730
692337
179515
707764
561851
515819
850851
584663
139658
6397
462666
102107
858914
570467
410462
96276
608062
335123
941089
850211
918298
307480
565975
291339
203061
428664
843349
443544
615937
117936
835337
464474
3232
525704
505143
241000
105597
203575
5642
596598
128466
740648
97605
989102
1625
464260
424020
60461
71886
707203
142732
15898
729323
645300
131076
95061
118532
259030
488717
208090
384466
598290
921509
794237
398355
588039
392016
455129
259739
410581
274027
956174
811824
413039
316862
897491
128442
372722
694014
615403
908849
407657
43093
14907
528881
791839
466949
59220
902281
344449
392257
855317
439216
356886
606072
564323
889251
292061
36566
897233
595582
339842
952395
798544
865377
730342
231241
249762
190414
346128
654402
260986
837272
829430
397000
779832
585865
786362
289157
245120
411454
635186
804611
184348
412139
24785
181080
509798
321279
431028
172761
381400
67313
632481
16171
190164
188486
546692
696980
381718
51010
890923
533570
435471
421704
698568
385732
233670
905636
845536
754396
841733
250882
591265
178925
226742
96816
20884
560607
707336
810375
865201
856589
927986
428054
554889
251744
969235
527861
470638
239403
527633
470518
650053
487958
392177
544171
859145
305145
920288
195745
433733
303195
838425
161819
373917
569320
203268
561544
875294
12679
859094
692201
643983
937702
458055
920975
780002
32087
84240
950142
85653
2131
437002
548829
970919
760020
579284
372667
578188
359861
811317
261997
487864
6397
606077
447789
592349
912042
814314
542757
342749
2837
175464
828809
566844
667668
777111
583738
149189
10934
175540
303980
762418
696828
631984
188359
57026
127580
811556
150079
228295
499273
546152
96240
962280
282349
808512
975574
438144
743219
206301
652460
917053
859619
824391
136366
839288
332258
7056
862416
13182
125335
993983
841370
617743
871962
301815
236684
680799
215038
953017
626375
254491
13717
357721
114641
607837
869226
494149
157503
904895
261269
18518
250470
931867
784383
108781
36561
432732
95919
901610
316984
502620
754451
770430
867036
922345
793579
4824
219780
472981
57130
349285
763949
550908
825335
956159
61937
969679
479549
241171
614321
868915
998190
509652
943461
943693
658484
902275
161163
171125
756950
76984
461627
702733
362575
25940
715320
645669
920582
73529
695797
661130
299163
213052
749057
387739
230775
870350
537095
646096
558148
145040
243050
625983
338815
548288
896130
43867
644293
229101
916329
58397
362148
349417
189353
681653
205419
659251
720839
701124
669489
893880
106660
863158
716135
523936
522872
114848
132272
154510
213796
230430
823193
793069
117912
172116
210931
222558
720565
81325
359586
662901
186867
458045
5280
139907
255419
648020
423379
804747
428416
74061
520358
99216
579986
810659
598183
133363
288953
553725
940602
444357
534892
163448
437020
16960
406965
524348
168582
282090
336478
13324
437393
103566
316800
155927
862042
207918
90260
220522
123119
867486
397998
413136
492760
779232
33717
462800
137686
205736
661970
672484
551283
967922
269907
952011
978620
948086
402709
683561
203705
947365
926816
641489
229521
264662
933402
452404
287465
688141
610986
596061
89360
726102
489688
29848
391359
443485
705260
799642
249671
423013
238279
463608
519110
684588
233817
137609
630305
411814
11136
553138
827133
617983
161601
303258
762124
358200
568875
551571
959019
501835
398362
913723
616513
463495
339035
289386
91421
527224
371466
667417
315701
599438
260865
423914
580848
221384
802372
571540
527854
586326
386273
927211
853322
559087
926014
52707
922309
661830
413018
981585
460185
688739
960232
252057
953768
339377
706675
257196
117624
790164
494356
553063
996815
75228
582853
406369
123344
641432
765903
844046
606520
617613
125855
941841
958369
506601
111531
929169
590594
105450
752014
815357
135710
807210
772672
59454
293266
939601
547987
146104
950777
253346
822139
237392
975053
618164
105708
921550
539380
113164
59573
90195
319218
983290
649055
775894
78253
997939
868604
434187
672912
439486
667502
294624
670332
188146
939437
422497
132335
915222
269231
981848
160644
452707
379456
576382
545695
154997
630817
24979
985097
701997
80567
584451
939820
423695
185579
316521
597101
242493
500905
420119
342756
915590
757312
263271
862900
462786
698123
310525
747557
887042
232362
732271
424229
222955
470055
175283
723381
384055
169845
64946
929174
970814
401551
248219
90017
909907
136166
477511
504255
759450
125626
897567
831029
708796
548662
149816
798257
811090
505494
13161
307054
469760
828334
753811
356387
77529
357662
110873
66282
176053
773670
616348
77335
185084
319123
223159
194882
500495
737888
241005
143576
40772
418818
344603
176682
233807
78090
93059
937408
2588
342380
151868
3558
719386
551260
885446
840163
626389
582620
477154
841774
568952
54789
594483
259719
83893
20722
251907
136443
496930
589666
12270
976917
485664
652146
943198
168253
231594
898989
471105
984523
785092
397780
403851
411190
527703
594342
146732
559691
478652
419163
362575
115789
418020
634071
694940
137108
318467
659908
13027
194076
400765
977749
995316
41593
475065
118968
466818
523041
459431
379563
865084
300662
226632
830260
349885
253444
20620
780661
749468
956117
770317
3697
691166
262622
267316
783759
934279
755152
250152
969051
140551
444929
168748
32209
746243
711976
436757
587973
743970
522919
452518
123189
446063
806017
51276
72855
756554
523817
424463
608267
137679
591497
741310
388140
391397
52760
828593
667347
222217
620907
970082
428131
792348
73147
658876
341971
230189
902701
475432
945110
395995
557499
780045
765576
378862
916555
308164
982424
458322
1941
359225
258077
724325
807852
624100
985001
817545
774804
595754
638179
312184
455046
224456
20422
232369
56708
204162
413134
591792
271866
929864
642470
102836
211251
582716
235282
166910
415881
429821
675812
739226
529257
964561
866817
799720
729325
587364
15807
988916
736306
699991
792974
607158
44934
933384
181987
908155
666425
62500
199340
719524
466313
51414
667085
759036
197659
620911
166464
164136
739713
808860
726216
391788
155978
262774
591363
65671
998915
468523
697041
156796
63601
84579
876103
919973
381052
262912
945346
721383
818372
619268
148613
388427
491989
907659
29456
706119
474543
873361
584965
142818
484143
680500
511305
348515
434724
547035
387959
265538
196273
12079
112405
238797
779408
724018
702490
690037
712040
75432
157876
310564
302673
827300
590572
918046
39540
739940
246786
259187
893010
649573
793904
775151
274577
102465
873744
599198
187938
338015
457258
823978
709393
201091
304593
542118
504682
250315
572935
474568
399739
378845
490634
711158
914020
554398
769667
100132
676594
125709
742112
557139
852439
193117
508005
696082
793255
400557
655182
827800
454923
997224
765063
435649
26346
785637
595018
433424
609213
311950
780749
230904
991134
554104
765301
608387
203097
579502
702988
92242
884284
668958
693015
508102
432382
103384
351971
746413
892522
742499
828865
88125
484308
252064
869864
966549
996877
419011
653908
552491
773238
630440
4024
654927
289097
58986
192640
181784
224623
457777
146059
480601
444559
927303
239757
892098
736303
579065
717687
370403
648027
768751
125826
275226
751084
837601
290449
99435
403783
867701
445722
355338
129825
30033
823351
345625
168455
514753
678261
227641
978539
16031
740006
273637
550962
422631
512597
877236
17831
759153
223529
577024
826435
432021
322788
722412
614420
516191
741196
38007
940826
153397
241154
165833
698584
728606
143615
409625
335972
781549
94119
845871
198697
232905
698654
707031
262541
257483
85265
955342
141801
586707
231992
144520
708944
834885
540504
964380
434830
159310
164287
763729
101160
488293
156063
797553
899910
915737
789812
390029
35842
295832
86539
926077
608212
322515
237355
310187
929994
657299
1773
256047
474518
459346
983391
436082
227258
963450
846045
300482
707828
586912
243137
816273
508993
712209
450848
463274
452668
571473
320382
567756
535781
330571
499539
946838
48077
437432
856402
714882
175005
372330
428957
929817
641845
516792
705297
444019
911797
730658
245845
200037
936545
909135
569081
477973
658629
261729
639697
616459
986241
775119
817378
130835
632645
207082
200616
270271
174995
578384
391282
724228
532566
749947
192701
506626
96384
943947
342762
211742
240895
918743
660762
338293
258532
118535
900340
164788
877412
250808
928842
791075
437237
841708
632427
937890
492859
204355
357304
65624
994229
185289
570064
808455
679075
32201
296510
208456
232764
267009
346335
964580
179101
911312
623862
291498
829484
887143
735813
240639
512460
488519
692401
139610
745518
513569
14274
209725
765020
378196
934825
277206
796774
911350
407406
719560
196535
117931
498242
776206
481250
651133
522213
341332
624478
39607
403613
44678
251514
337546
799969
944044
567154
708936
701039
715050
109398
953342
155389
805892
463684
820395
960929
588774
44129
847912
855396
891534
419357
739513
637490
941849
377399
966995
811689
36083
89260
612636
381213
436199
699585
933150
945885
59751
61030
437239
891038
456197
727241
277245
843251
224797
73242
32709
348019
576849
719222
941525
853902
776749
320675
915653
92644
217668
138362
974743
906424
556384
207309
903085
138281
78683
378307
874046
398552
725069
701891
650490
175555
633373
810514
7902
841352
32282
266511
202148
747721
428957
935397
689047
985046
940072
939112
530707
659084
813867
993066
115329
521355
993597
714995
210844
595924
182530
901502
740889
311004
625788
344773
718501
626414
520930
39453
793465
333756
165562
293827
426263
256966
376388
37330
864002
769971
613067
538122
234092
17461
255948
347710
987787
680100
712017
889018
444481
189169
635538
864362
325761
716576
248149
839880
607721
750651
907039
951259
80814
339805
413381
691965
370524
398512
692290
792850
823838
275446
853027
57968
517625
170242
205890
326559
422906
655037
726856
680286
298732
934360
953571
93244
570645
266032
501976
256974
922290
460353
483215
439242
34438
135602
912050
273320
259130
473805
543788
48598
479727
265331
190110
309613
874502
230609
84971
929703
325341
940325
713769
21335
264901
383167
29149
843235
68184
501896
692271
215262
819940
125036
752259
961549
541467
588441
925564
404847
617897
945359
968034
411168
231795
540892
488772
673293
902824
318193
632691
545253
939731
285323
462722
801172
608345
104833
806556
352954
904708
153900
206895
955744
400749
317901
235489
340409
810702
47847
345145
253473
909908
119006
550432
543009
113539
478304
110153
200549
785697
983304
665904
308720
634932
890261
67011
265855
210718
704656
434060
180971
956693
505059
519191
982616
576696
112653
417063
510679
692379
48663
45607
142917
536830
381039
648084
831814
850510
370915
949476
268561
608323
6984
399991
58062
499210
952109
46117
14786
462736
813770
841559
398290
182865
400081
781408
492892
346710
83690
336650
148545
566056
106553
509195
61207
606281
609958
977920
862126
54537
309351
437956
119548
857331
856603
479984
8384
644440
880358
879944
102658
211645
272295
980461
439723
686145
731194
25563
549484
692757
914242
679410
498235
785311
329969
273799
178940
592962
270507
563082
304942
34430
174695
775018
459406
132779
143855
604811
123142
906917
967967
155779
236405
989026
131886
69176
285414
28028
300291
615861
480564
862331
786409
443264
753060
542933
146617
949548
668442
57100
379803
721295
727279
732542
574015
46660
91129
470015
983468
813629
793745
288172
802328
9623
643596
424768
260820
470643
92408
73353
818236
889645
637280
793293
913999
600190
768096
28630
210548
341845
220002
235835
564918
122949
876443
728177
504480
96609
828842
441555
485446
865356
369271
837546
797212
218675
424814
167349
870208
312470
310043
503639
34264
847462
918367
153024
591894
724570
285555
139794
900304
444421
903891
452162
193118
657804
933774
282408
486790
142486
389877
459124
839631
310892
722251
57412
584879
978435
268206
128760
428384
592556
502437
576106
970864
376118
298400
667630
831764
849037
307260
473150
61017
340063
117957
408583
119188
968992
534099
300777
468015
339489
696302
282869
760969
374884
495196
821894
950365
138550
805958
422288
904680
733010
953229
42705
958797
801161
667763
47925
858722
198457
127801
487582
675406
708398
721814
18622
354226
700205
877684
748085
900915
414446
991194
622315
846366
543758
616636
851028
99826
430889
821671
30496
444667
800321
618079
414963
747192
968486
301274
751028
500885
545858
906398
495286
393655
713546
234866
889973
698836
141040
169179
155702
269053
259398
497412
645312
651893
807349
592985
195281
406972
656482
223263
769244
595326
674384
804444
917845
53639
428744
587393
150620
639538
664777
222494
615752
559303
275268
833687
831763
840404
102465
745570
59911
647641
897249
131200
183355
147472
476698
188139
160342
886239
680172
302917
174336
324328
854176
827264
642315
997283
174591
383618
353339
700088
500684
942075
378992
94503
216999
134308
502335
95884
965539
29723
363053
385610
986753
595187
162239
306975
45465
137520
380020
693096
909875
760998
806878
600276
190640
427842
789691
300745
564128
374064
702189
130984
655638
834455
257679
902534
395012
30345
954762
312740
116834
931546
398146
120905
674505
482188
831836
52417
30926
283356
322729
648388
426008
497639
670228
416926
747179
125936
328223
668894
128557
875375
473311
524204
411174
871537
606627
345238
358719
352888
402448
239183
976414
758569
377720
367239
537944
340025
21177
289154
207482
968692
877556
294727
173710
340466
714302
115957
650036
20735
39255
178340
651141
133720
112864
823096
908981
58260
141565
470828
896870
620267
430427
304716
643746
211490
110013
828887
221378
355598
661903
242723
3932
149277
316166
284816
576108
786131
325458
465472
254045
902095
577757
360696
101172
277895
362708
315810
143030
297654
885112
253968
608048
818666
823502
704715
878715
440421
709323
432312
329576
816904
958574
845751
76435
931621
252556
296373
506217
651014
680664
262059
652832
380385
51859
185825
203252
356091
360216
443240
850696
929235
888911
25465
557293
943597
502897
560100
83805
292621
790311
429168
676022
989866
863051
806147
884742
984183
278745
778209
253966
674392
776238
471213
679515
628521
390799
628479
363683
971721
209584
66654
397740
961723
201044
952098
197866
71998
471317
705235
318414
527009
909171
370950
581347
924373
902831
498240
957800
665820
281881
487703
104717
4184
349827
615936
970743
826640
416469
596744
715449
778491
914521
893363
940895
638100
166236
695029
910781
319961
144339
42495
213104
638645
162623
466584
641603
729590
139384
67589
857947
772296
867503
989220
962640
481521
80490
530294
470264
213989
159348
850434
87979
91808
659935
140066
111011
566563
469757
784039
565787
775948
648487
331372
681917
487464
501027
350909
411240
78191
831925
34084
228587
593271
246498
769249
771585
819485
463274
170899
939129
940611
199332
446393
603398
588581
383361
728499
779720
660
88902
402233
442098
595923
519406
764803
646635
72091
781855
38124
330003
841801
30648
734888
701502
212802
263101
155186
39865
112316
283349
219924
757928
972175
246909
352876
213756
903784
516562
42526
434350
358011
774765
748251
675068
250708
866046
146584
854188
462313
659841
694742
962109
337215
46006
512580
151694
102164
530847
488866
16694
711852
459214
784573
396400
13122
332243
74883
154834
698475
552988
333201
202355
353924
157907
598183
40682
607776
321111
531317
685533
991683
714977
94483
620261
106010
103419
89854
314240
829164
864545
299381
669945
516899
725600
125707
169333
213631
511190
679883
833003
437896
132241
591120
377471
928062
456457
431571
636153
69438
736993
797107
535984
300795
204599
841146
410110
852970
136615
455557
897496
256754
538239
25537
350209
311358
571978
208935
928337
540825
202433
441876
698729
916168
792097
951935
566414
331294
927641
228994
356187
574956
721308
910715
781849
684441
207209
753577
488233
527720
504320
125654
688586
590868
886045
98561
660422
120584
439774
648915
761493
457917
597687
901655
709798
986423
343202
855313
435482
583240
527738
299424
18630
349467
768384
618477
921644
583023
328832
462828
677109
858011
524859
717292
47163
650094
966922
175626
495478
62014
445726
3947
225250
891946
116268
116797
807935
217817
501325
178530
236809
692111
78553
514751
743659
314711
117348
745692
638154
673505
319368
285978
789494
810238
70989
132525
661157
33633
147994
109171
454592
716836
477527
664216
916501
719677
365918
773011
350855
863241
326311
600081
6720
461116
144497
636537
551099
469422
835000
331768
837971
459718
434006
874854
590122
666147
411637
292113
41683
985880
914152
137790
337413
663881
430923
770687
329854
70283
602568
216752
405049
939001
436939
14408
884846
508710
400778
827948
431984
12906
95467
758542
544254
842244
241718
997740
873230
611295
721199
518546
5002
288297
106540
402629
340007
457505
140536
342085
379380
602117
419785
676260
635341
611020
607917
492062
858271
553091
782784
152632
155102
493890
403247
944134
115198
185451
57710
943943
416554
807729
718582
976544
766768
842300
118474
136608
814825
583421
770383
60906
747921
345454
50545
358312
407150
211356
572909
590685
144002
906166
250891
996390
934106
785457
11707
458375
964538
892252
941270
977233
402054
424550
447303
381492
547954
469199
973675
812574
823003
121273
932597
902065
8427
252393
919172
484612
151887
378487
856847
386304
664846
611665
823967
9851
523066
589472
515734
801749
872878
63519
702469
107766
529520
407841
800587
935967
83298
697055
478124
493549
554896
144212
553664
555600
97356
463251
94182
204669
962
799942
965088
220741
441004
325813
934289
249671
72752
140610
861788
732601
427881
744961
920885
725322
146159
386577
903123
718233
540153
43272
886577
401739
107794
612763
361713
36227
165495
247966
795290
344480
952035
532272
28528
460148
460474
109718
98725
373323
380003
357937
670642
373915
150340
151033
654808
606254
32366
785113
495103
5857
516583
747859
288173
305550
326755
976091
508104
573208
799964
295883
95858
22452
249354
209893
111708
121507
323013
877662
854886
519647
965035
105703
11919
329764
439124
175659
734870
897141
971107
309557
897084
433021
370360
870402
679881
419896
555217
734694
234389
321683
98105
930945
979768
279248
370545
202522
708171
234958
103950
220612
931921
226427
162213
3790
101625
381579
198834
453126
176152
321720
52301
665215
946854
423765
988280
799324
489025
69591
455094
659272
843136
564882
113736
326352
20989
809822
396683
529826
922950
718741
599467
427366
723575
998536
998931
613022
687331
330105
432244
757716
634554
510651
22231
233826
655450
864842
289236
876935
303704
220944
343729
466942
744972
533118
696348
638340
44549
878494
449367
801766
796835
792839
857089
986367
742547
375298
115474
463103
237263
435605
449767
331360
914742
661235
574255
740875
268571
773691
224112
649357
397406
681078
346447
374337
216138
516203
176981
453776
998241
409618
419038
46527
518975
565121
525036
322931
193256
946903
967590
810194
894614
85426
686203
298243
316222
701359
562240
118503
796272
507082
718015
115785
968355
410920
144029
542407
990228
714856
974008
601054
603368
518586
470700
941676
145315
773955
518256
28786
244888
491747
338751
928968
849236
876040
133278
981106
783118
581436
132986
111337
948367
696359
696846
544135
261798
613198
33653
732350
189968
56183
352704
729928
822122
773153
227378
611471
657719
326588
676573
726532
450135
252291
890390
378293
931640
589587
637798
700964
115639
643202
824443
610245
490918
503254
184092
155334
216822
544876
481910
837166
344614
420331
484021
776725
380648
627894
914089
187821
609771
509215
436165
494581
814616
227075
102129
681909
762160
736305
917497
555365
763687
674810
809356
249500
493031
235854
739030
462961
529655
442518
108245
659463
402371
703834
547228
954838
170280
856643
169720
847003
117939
197759
15452
578696
571657
448674
695885
498866
888718
476769
911957
452432
919328
50559
896218
339576
689855
691477
750213
320523
975186
625876
582663
163429
259705
46063
401254
189071
817477
712
377683
864263
534525
248126
321915
710849
205774
762721
585299
9969
983081
161356
60376
272290
898258
467041
436227
212157
978950
49163
739293
581109
257621
431274
878844
706239
454365
841677
89958
297752
646203
268924
722878
362277
633877
229059
791002
804284
985911
41924
762197
816172
585482
129904
977180
401656
522964
13155
628461
807216
938416
726768
988589
297821
2583
277728
520276
568531
659970
710518
217403
338110
68884
450017
471028
403838
699285
239295
98267
420894
553528
939210
604528
832129
490268
286689
277091
537434
472942
992505
776376
310566
377620
600655
817400
294587
544247
814675
744460
706898
257109
951807
988267
494930
347698
741575
747097
675305
30281
710777
335480
694313
729697
45022
293303
71422
383619
777646
602257
156115
64232
157920
806540
812144
95786
211310
305822
393133
438454
463750
949157
56274
165933
728578
119618
974176
319643
583875
295387
566775
926903
218989
83680
622983
183632
437085
535071
696032
123374
873309
193373
482971
196518
133826
560237
762999
291110
949454
892565
574639
503718
148849
331378
159498
110764
597527
389260
20589
498178
708601
809000
719757
831567
687415
616458
214912
98396
406010
415480
179192
615752
406577
246009
905163
525221
475997
96820
541885
684195
672083
115711
667452
765715
56217
277151
669131
33697
167978
861132
55539
472297
392340
581744
668966
541690
317257
106925
726753
713112
850626
858165
317180
664104
932934
8998
108665
797046
482679
271265
536474
484832
787091
250880
477181
362575
6003
937295
142347
354815
452966
524505
245571
815092
82343
962750
275301
617469
374378
40885
472972
902280
331318
47915
174763
326815
906371
105302
843679
652511
396663
865024
238668
396680
657009
941887
983370
464001
93582
566380
460413
275130
261741
580935
969664
444456
417987
759059
856534
834932
556227
568415
596338
647240
486830
187720
188212
303166
67005
183797
140035
584873
493211
828013
365736
833346
241010
871409
687244
161163
20270
371582
551069
803960
146119
434726
457773
323532
227428
254128
374199
855337
600195
459597
583619
46583
616041
430334
252621
991186
438504
553439
838427
918190
457787
315453
374139
15623
848079
510435
690663
74658
525680
761807
515430
800971
415275
445382
502654
225359
407057
17579
429087
708420
751654
604111
645991
637758
483020
713841
718440
969796
344059
701443
578973
187523
117117
887855
505078
917854
888792
458545
854734
199674
751930
476755
139236
909100
351149
348809
996257
616277
730985
890618
565981
22780
743259
518886
45738
52617
810595
32450
543929
138898
356369
86341
538260
68374
47616
132489
96709
617916
172579
785231
622326
804653
846512
157107
470740
494919
335078
178589
164790
551069
63295
660870
17961
385539
99573
390284
195622
629041
144105
610373
399216
607018
229727
48516
635989
225986
187227
779760
877656
746578
354668
388161
963020
951161
819315
208448
231820
238111
566382
557000
617821
337448
637027
649278
517125
116483
715447
885493
544323
19834
755529
557001
338301
298269
389332
255007
69613
604638
739378
920115
981303
557480
716687
165138
249172
742444
953699
116458
392150
409096
565701
945721
328507
708252
585561
328050
210797
393961
135180
251466
511238
376241
925565
71102
618975
617186
35770
956077
584448
327068
891327
453721
610738
604012
850849
850939
893989
308540
146133
687733
573390
526505
810901
522986
555492
156441
209785
212918
559276
697283
708150
970536
556999
136395
431024
777271
169817
344138
98136
972244
385277
719608
885612
911359
156789
771957
770627
407229
256396
873018
960795
453497
187504
180304
529246
86700
943924
87600
881126
309902
945911
810711
270855
839564
86379
213490
75813
163142
662456
568284
986083
406033
534582
710025
15959
145691
378214
713340
644909
618645
394974
224750
40205
19159
782471
215071
484835
941265
835671
825641
15446
732296
512733
430832
625772
704277
600561
64630
535712
216376
161782
318107
732332
716904
973745
884576
600224
36156
20507
220035
262499
278223
688671
52012
474998
680024
92799
898878
970678
996592
104716
778443
143890
509862
2169
855258
749283
761550
47858
214157
409251
77757
890722
899976
240678
154044
448982
154432
370081
284180
861409
35449
546823
720784
695448
84254
461606
417142
358216
375901
77464
49300
583456
992774
828103
470258
905495
338348
322158
748528
945288
666665
65497
418811
934296
389656
862467
37677
557684
812202
360409
8938
258496
10943
957143
312557
450329
311710
571681
85737
156276
557529
490131
460773
925685
245679
206981
892409
144337
789214
869064
251600
8734
512378
558644
594927
708829
422237
824016
193508
870594
281381
422523
668935
24569
108226
597562
304302
858785
951359
733834
131302
674065
108964
870271
408386
261950
305671
378574
463579
120127
754910
292267
323973
760502
67151
568459
387420
507552
606469
187334
68544
674818
766075
637925
626491
234332
446412
422639
7757
568023
619033
816994
344779
391406
445579
58802
828384
10197
655712
341375
280977
856901
824832
946006
677274
443020
712220
677651
380177
82275
628719
357280
813802
160977
214263
931850
657731
630380
344624
644541
823857
480686
10905
598104
523079
547388
90109
182692
961870
230502
558028
466107
603347
592995
634631
648778
165502
668846
654796
174753
609268
34724
301625
911942
800008
919352
762963
626949
517686
120322
311707
29107
107820
167413
49740
54817
271553
937271
413891
738610
127210
740479
537862
283504
258137
290537
202439
764691
216811
213460
767559
374500
855774
785754
609780
537233
489699
892867
594182
328614
74248
516475
66771
684845
407902
144345
146127
639613
748
194028
933984
959008
346686
32807
619446
69842
103087
641797
246434
641182
383203
847267
714136
117554
56842
598565
533768
755937
113464
902853
687337
194149
260530
839952
876374
938303
925065
952866
487128
1262
847170
483037
194242
505273
744300
903255
606074
4283
866475
97006
140963
823462
135462
108787
434170
300150
301231
45719
113283
913533
862368
890153
335964
796993
54236
494394
47169
618690
530004
108490
302515
294226
281676
160509
308950
249772
570913
263084
479930
539820
131713
624050
374454
603201
562506
284542
226214
179766
534183
758972
232952
271568
577518
564450
539496
314742
602972
238621
808226
661585
307862
267435
760676
58485
847193
480756
972381
502051
293151
999166
822312
311110
