739330
244778
485645
656964
391003
133865
731749
461079
476448
794995
448660
879191
534144
210807
34580
849785
676094
204017
989417
424817
973411
438136
950675
188355
715101
668701
378441
556233
628060
725215
676894
521885
288331
994026
98701
927475
704062
508611
383859
136128
980278
606444
948113
161719
861126
501934
459180
329018
72687
295425
46317
309140
678017
347195
359464
811564
644711
260141
206677
246779
872024
388882
113367
29389
759437
724056
409113
535910
14832
39722
315030
721503
957413
339315
21781
763315
193984
818289
56753
420214
70735
59754
633623
497723
573603
265358
477811
72774
599442
341637
649130
467035
272958
605594
897021
14799
896017
222403
493083
778367
147694
352729
662478
333096
848793
948773
835668
129975
549698
319822
121650
975816
356223
422864
63234
240116
216535
2064
554995
730448
937983
391697
777099
970181
921217
480129
681720
539184
922989
524906
627892
314902
190283
465378
124012
747095
765561
585482
506623
29410
408131
873561
542948
102349
835818
736638
145494
195233
263647
674750
426374
442144
6071
651596
434143
549472
803734
189639
675227
393535
710661
830384
437238
276388
415073
347541
606169
764757
297952
191536
745913
450064
279881
546067
488618
700424
848612
635651
867670
643289
523362
178183
158049
288628
245022
353518
889498
494050
212317
142448
337491
785575
274942
198067
606950
83210
994656
473563
748260
263982
331069
328745
10610
505515
684240
514615
725916
758890
894716
56771
992709
960681
557695
928742
497225
942539
850147
878846
786712
824160
688505
229816
471784
905793
866214
274147
351208
67971
855841
952419
251334
372008
91966
168289
678087
429149
239304
915565
792220
787694
32660
449114
595971
721439
868527
142343
306675
269794
299689
495083
351980
377690
656300
23251
483927
635783
514003
732676
253268
271957
555872
727543
722118
320931
628348
246427
771650
246857
207487
189532
654563
704095
543997
78742
827159
114307
308145
885961
746087
67682
72039
317216
429071
840061
282383
830179
701064
544942
566604
545489
364666
553989
257246
203449
160697
811003
743005
559381
676746
363027
443087
115796
163375
266632
465405
328151
242461
816611
334118
127395
383721
53303
601832
775181
118953
553347
856749
890058
324353
343414
831732
453142
129726
330139
266735
848930
598805
765648
944151
313208
132766
631613
893158
63769
611044
931561
420177
681231
577567
594751
373362
282139
578996
79632
671737
510640
64491
20448
119405
747890
902848
630850
629023
873064
658056
478394
175675
874299
718760
306345
146740
973011
268064
459534
239731
611588
828819
288158
150696
465235
368762
979381
493403
951664
152853
920420
421543
636171
826224
22258
514239
690057
904022
964560
237058
577715
608996
273580
12070
202083
805916
114092
975534
139382
704849
97826
529290
319709
811049
685806
457722
470444
596961
757233
860937
549105
218840
342022
451741
984930
971428
42763
122604
393992
27220
305586
416505
307621
116554
915744
574209
483948
556751
338182
19127
840815
923699
228666
258770
202237
275780
111585
784716
439178
31320
841105
267217
471987
557496
446087
358624
348076
819006
62282
989814
97178
607197
935212
278096
275127
190898
275058
700299
719375
704967
982730
124057
207419
3935
182453
36499
843806
177918
828534
739989
938792
823897
550366
204517
648983
261059
351173
709443
560164
331479
313770
358841
344447
446255
949158
664152
787211
299441
468067
261987
488869
875734
793129
245798
689215
489297
280189
340986
290299
835645
966008
362601
135191
434741
15148
7051
178959
500475
584134
845772
751756
122488
452393
400636
225601
412574
438801
423934
562747
625045
603974
695023
785071
407406
908498
814926
329903
931859
13875
766751
623371
227603
197900
574603
850697
877058
61739
362680
106286
341336
464079
554973
139092
622636
961998
522564
589320
215950
260989
184867
625772
801422
754507
82853
182126
471347
632794
504484
892230
524484
662063
149915
714116
61333
314506
521825
64129
17083
122622
108208
564230
549248
254248
280435
556387
925935
639791
853862
901566
231724
915391
91632
567651
894296
529385
822268
113333
424575
77234
798534
106819
578257
269227
664658
554918
408634
29214
953133
197232
490044
427750
858437
629526
696201
894710
523729
781376
895039
605634
311578
335038
700263
822588
498440
813249
984936
114276
402136
133529
654213
766689
463593
535985
609909
131076
641277
862430
5627
192277
636381
836577
919693
379950
427506
713275
686803
304070
191276
105127
518356
457872
847724
916019
125106
765480
155806
467670
302881
467778
315094
926750
870485
17270
785841
925933
284264
453912
966079
587742
30541
605064
893112
798944
990580
559292
40710
672272
559334
838646
66898
609480
834795
759758
956042
216229
966778
362594
301267
634338
453972
164429
848174
279140
566648
4401
943763
116590
691339
977503
627855
930932
747767
799966
855792
161365
128280
452083
189259
95269
429442
899439
708674
557508
67835
548270
436475
480433
274957
715509
497783
202415
80101
385226
689558
658201
643598
49440
418617
117120
503211
121128
120249
616007
796627
456274
186198
610369
179477
124627
646674
566593
678152
46521
478685
932087
839320
930548
599718
695201
504997
492117
271694
433827
826851
701378
637034
894442
488373
843028
278601
727749
402923
415183
955638
933592
722289
846254
816096
16585
426261
222046
445637
944585
529798
129980
126709
678622
123880
700324
509717
951188
219828
835619
669263
618459
166259
881306
623800
661160
859131
92822
516539
763216
699285
537830
815600
817605
680449
388559
873264
284032
340270
543590
451312
453609
667287
760786
434261
905177
464244
432174
524521
728431
724007
655078
459154
561524
459842
286830
851443
316053
3375
437258
553438
952051
339789
635570
963380
158939
787018
707039
91303
965955
953383
483042
900011
318399
825096
629425
52381
463491
809502
849128
949505
671299
283401
366047
279704
880335
95560
499932
889144
308129
847070
260093
763913
668196
14152
721067
835303
290157
961334
951091
964359
945786
695370
289068
40176
952931
508501
678494
357480
566734
319434
67849
241303
482376
220174
417656
313185
198444
16019
776177
208669
874968
83645
119269
343767
71601
672617
110345
353630
542708
315348
296028
453579
183638
207881
481598
54804
278646
312309
455591
494277
914370
259915
161093
811311
468146
597890
866026
573103
840284
535250
231137
444336
524853
125735
165483
621570
439208
581405
80704
7663
483016
384868
772482
545981
90926
589448
661787
808737
680291
926524
297837
659345
336930
162673
714219
129530
107327
822229
854521
480534
589180
168117
211865
670963
867955
823973
494948
969011
678383
662650
648230
254770
617203
331868
180696
688067
470790
534181
32109
556068
767759
311539
243250
992292
215907
306719
149080
714920
315929
112422
499392
253645
909174
752691
849112
727383
158701
332344
597890
687997
730770
675791
427448
691467
788080
622051
509578
778069
352159
973941
172172
297615
165187
281028
635927
979820
973460
251309
52630
777145
634997
651014
363678
115883
336381
677806
265300
83110
135916
841633
517993
