493694
2107
276839
775931
373330
323709
985417
522601
935807
60380
195632
197000
391303
545446
958883
446080
792408
152221
86342
542500
700770
217056
916761
34650
406580
783237
848957
798026
640192
131711
484017
68754
929492
394720
698272
58013
579090
322038
668486
511272
148325
622348
260889
205883
492366
990634
347965
529628
391107
311871
62421
236790
629476
872854
917011
70620
710613
704745
871111
599814
815942
13988
123189
996443
103379
21170
100279
93371
325971
627612
519036
624435
243317
121915
835129
487984
950121
843960
21678
81577
691876
814608
665291
12699
876616
542154
823117
885720
432141
237302
336137
468927
820451
179707
333130
247359
220883
738662
561357
432047
203393
33345
369822
826374
349883
48171
651799
624387
375417
51014
121807
593194
257716
56043
686935
996765
269609
593910
631632
777457
288249
499604
26046
504880
835942
913746
21193
279295
574660
154924
411089
980482
267228
665675
996407
987514
453284
500602
608582
337105
674557
371043
425275
238095
701986
22834
902531
398207
250141
316377
534102
628078
684774
881594
797572
287064
37528
278223
347732
908588
710584
199952
727088
219815
945033
838292
946783
187736
384816
524163
922606
745875
733821
156290
115931
496431
270671
153804
543532
853990
321391
958319
194792
544620
541669
139202
262125
914412
278334
371431
157155
24388
268333
282651
719248
189141
689407
369419
106085
561963
510098
351869
424919
155859
980182
65038
320430
194987
33601
329072
852053
739064
974726
749030
535704
887863
766513
205295
540343
711781
716740
17432
523016
885502
579868
297041
17844
694371
96737
896029
269146
944411
645063
876813
477407
296334
891710
60561
734607
653303
857467
609633
307181
714157
924966
644675
678876
540965
29065
265139
624879
622715
594454
904320
514174
101865
569318
408229
133764
331569
401669
638806
108353
144423
164736
791868
123902
401848
28237
937412
493106
160692
870621
53183
352411
273380
935383
318683
790030
419299
6215
792635
312589
589579
486523
838942
171465
621895
119278
21295
825761
995766
765422
11442
378690
500075
444175
269225
468928
393328
844601
910692
172751
494944
429236
760674
361725
57885
863456
722384
472966
110195
4073
762821
49657
196232
865616
490357
342339
959662
956179
915699
699626
526975
327479
876389
416457
195000
464013
19393
753341
28667
83616
754532
367444
248655
356366
222992
453497
180970
932112
36827
223373
497425
790380
70001
602149
391112
265847
728148
722820
975760
648758
467883
95151
806790
503901
781102
274228
365019
535498
279497
352415
301582
438572
618905
312981
656918
742074
556887
397494
292806
355775
225618
735021
15291
911179
909324
885244
498323
904493
664786
602111
511440
119542
214124
597354
857169
462926
876564
55551
88694
19599
160453
307023
568151
705109
640203
72861
339252
369079
535373
721019
421286
225789
386367
222592
104051
763694
625585
90076
393591
634732
7821
557748
674000
805607
194255
668508
522254
784177
319993
121598
395589
254781
977706
16920
225659
523418
462113
681299
273519
165362
698191
901507
85155
884090
541464
505796
691434
425415
826781
621313
226509
910443
614371
809996
253732
386950
396454
165648
331095
824605
128894
182484
454457
576417
287347
757431
408317
311349
470787
90152
714844
7139
127733
240006
232560
974659
44821
25822
326647
75940
853358
546238
792167
819215
916164
320956
696061
343335
152649
950196
552135
82385
536562
915895
198473
912426
645526
819583
238336
239952
986750
646226
48056
193706
723926
262422
329054
352404
44753
192430
300744
466597
109436
752415
220896
975439
770927
910088
99621
834172
162519
305077
896374
556507
108222
572131
358846
929733
651307
683412
963284
177063
682507
196058
944947
145049
532157
600755
457785
176110
533132
37691
993238
918767
747554
517482
268265
21809
605249
696433
552971
393841
488544
494780
595619
70314
241429
29618
385776
501639
744469
217369
579410
239809
777101
744056
866298
500029
129178
66989
328904
961551
587937
684429
252444
147084
143439
971988
820414
580666
399954
165182
113625
539847
546716
934402
762896
845622
121589
749367
371014
415978
333979
638836
171708
402924
686766
372368
519637
723778
384393
748460
109187
954190
538418
876232
424366
321659
385924
880297
167727
306760
495818
557673
258276
775703
657221
300404
75067
717059
427129
785261
873109
49449
74263
463712
571390
867080
190012
824708
454585
665038
363509
810881
528126
127885
752503
484596
481691
704832
162323
595319
421091
438890
961609
168944
342385
718711
461663
4809
735268
416173
106428
895619
753731
7677
387758
440252
185753
183320
870412
940370
668913
817625
997356
532394
825560
696683
205800
102042
442418
280819
531346
465764
830237
339287
158008
969807
772164
858100
315025
781768
264529
936553
209585
496657
732353
379194
520166
884351
294544
471803
832860
147597
592501
267409
646022
630962
562880
752073
629450
39170
939224
118379
662287
178745
764733
819811
800740
716228
776456
728161
505476
118222
368730
606903
389642
600134
320184
97524
964350
78100
51209
491932
156487
949402
637409
141138
846353
540017
641510
389122
120894
650615
695713
651532
174209
420174
763822
884479
485718
47987
944451
189368
145163
782539
987443
462281
639826
316203
295850
142767
85338
897265
429518
452675
200357
738985
577029
357013
961539
45396
649915
498736
737283
570071
573418
793426
862798
666231
936228
230220
849539
160529
781710
693266
951333
275701
620033
57747
658397
154940
563207
831520
617215
335487
303528
845361
405372
287861
7513
72873
724356
531585
518382
4840
854508
381359
185252
667582
373879
301623
202044
115031
198041
302277
439780
848888
925675
324640
995710
833370
454840
691450
867535
854304
751044
530599
900587
45284
993431
159901
415154
352812
924564
648277
30382
126440
107630
841026
353221
434913
812711
177078
682317
534383
854223
824884
904007
551168
21365
124968
318550
847339
235803
165495
278635
648091
205558
908631
923794
117971
176453
553862
184231
211964
167522
907567
476303
513930
717991
342094
11479
712562
63108
396318
609077
291103
557299
882729
842050
647451
675092
284298
157474
892793
391329
298363
167891
788581
225823
780616
886520
571859
220685
259677
40530
569305
887243
111309
605347
59167
241580
830060
956711
351543
900283
478745
340279
62758
193589
85343
412477
111289
765928
72468
264604
645556
454150
562413
119695
939520
901476
233834
478968
518061
370304
141231
427832
214386
542574
38224
612611
580752
836460
91470
396140
757986
946287
26619
808402
597047
121184
799916
369641
898699
485455
981586
559852
104383
969871
977468
435479
295306
947279
330424
336553
383286
199454
690527
677933
285032
223399
99796
350240
740884
881531
428913
330340
379427
583518
851783
786843
857405
133264
923622
320325
175441
199011
680613
667733
255704
928095
912407
70937
748208
81242
320108
918947
201880
878717
595588
205584
397063
237816
428200
351307
175773
459950
5040
201850
939438
281044
905992
242415
507791
910927
440286
801944
718069
704411
705714
649757
136839
433455
466543
295065
434808
359578
744685
322636
414891
260818
239329
178658
57818
918037
793220
426133
359723
198762
17465
177674
23176
760160
957271
36717
924821
415622
845811
704039
668513
82225
929289
430419
502889
209426
791359
86938
363231
875977
465223
688366
322552
941556
609224
953313
956138
812341
438490
355463
392811
781141
753467
986802
379008
525403
688206
143225
852957
629596
455538
363973
407584
683366
703654
278598
975171
634572
195727
173746
296179
787264
556338
144853
645401
629812
104218
179838
819546
541309
730288
239572
263210
747355
331729
367468
72223
152994
942408
120979
778625
306590
977537
668972
450833
217255
675453
861565
914807
974907
384972
478533
470593
363986
453738
141388
883335
849908
837434
907355
976216
271257
94168
224899
673164
23909
637457
247431
898690
275241
190228
736993
841223
221184
380978
933105
285994
341850
127109
373058
366819
676144
310278
323947
236530
571649
934829
231874
808109
590413
460685
272309
667284
163402
493120
934565
963991
35732
746684
613889
816290
93310
607805
316749
210347
685851
525604
118783
293593
971963
703942
279966
223980
951481
115803
69336
998280
646947
799264
322486
217472
478453
99504
622323
176860
228737
245207
207924
672474
13282
808652
781121
776495
93532
888175
961596
826972
198168
781874
506291
647261
657400
712006
347405
921
549124
150582
787711
572759
678808
228453
966943
842115
848206
869544
751219
190216
879402
110622
333925
315385
388666
906420
9316
293744
607472
220869
58653
397070
591616
642446
840642
825271
100783
753994
479370
600775
994664
542826
23063
420288
391701
899843
859413
124687
478463
711031
619153
321250
424653
483098
913148
960857
614266
5267
301706
9843
572035
577767
533136
673631
270906
884965
309851
736680
175330
1183
642402
797227
500361
261700
350033
551170
37880
734160
580703
588789
486201
456540
737751
542084
423517
720104
538268
576242
599077
321052
88404
326481
509604
833212
48272
953091
960100
715010
404345
436205
65001
651097
349782
985719
665558
985718
705659
828314
489752
466608
881195
924411
562689
423151
492542
793517
435366
18376
636978
110564
632587
983021
167045
646453
690911
993770
192355
252599
576914
918348
748296
959730
391666
646120
449225
953571
779651
70734
272783
210139
851765
646497
600331
135524
989149
911836
236442
219430
441279
767963
884202
188848
672538
152894
231783
529663
968466
212755
377091
430426
643145
918925
497133
112162
587571
492277
897662
438866
117527
696425
466334
548974
659692
763773
773346
185624
226447
418236
347876
330318
608511
664542
573735
969719
514346
641590
447418
493695
751723
648328
291701
344172
62594
564701
812911
84233
44100
281462
761923
668096
535178
122209
469398
382130
631190
37402
653963
244665
546976
533999
819087
870338
920219
297010
184890
798338
524000
461524
651943
255422
868057
370310
980552
287172
591074
455230
363910
865292
463082
836060
373848
91366
346547
74104
741582
183340
377898
381629
433231
132265
509178
319690
466245
833528
92229
412645
293043
60240
276999
933431
696385
83739
400982
132689
673085
425987
124626
254652
675250
102689
854388
736801
625864
136576
620788
153603
21787
149350
153574
235639
94781
215371
490945
31741
201559
179802
416542
991947
778820
628427
301820
604288
323388
147683
399457
206786
229863
388446
713792
340872
554455
798872
997093
941318
263263
779208
115268
996143
970221
302042
415431
493531
866769
311084
520337
171539
815698
152519
557063
912505
986205
927825
440989
66010
548732
347612
881038
899499
817608
466372
11789
855690
520373
508520
708574
834379
870192
821966
127685
538850
494618
792297
536437
128985
173281
38024
621656
600969
377637
983634
783280
728091
387403
249832
672098
290999
583745
232150
142965
386019
698094
936229
529493
188865
130805
678857
803569
59483
209567
23111
574796
335275
6064
990465
522965
495826
859652
29735
533519
800118
747132
195343
792150
296077
56053
60995
121640
237904
293381
906738
482164
761573
519471
332882
374690
705608
55592
568689
378538
64358
744783
437391
20499
173540
964257
851192
232294
372617
381766
501280
5602
722376
126064
265647
160288
854291
340805
591538
603805
904924
970239
539666
12971
734191
51342
814632
551896
69837
541536
242497
569091
350473
762950
976742
381110
667333
44676
171448
699869
380491
367325
871498
317090
644412
651548
902398
528487
122167
740519
929256
495259
380812
220039
757543
789228
732203
465182
353594
930346
540854
926963
84547
725747
186937
629200
859222
664548
173314
43185
334993
900426
56420
735919
678966
46944
997197
77265
764527
990702
602377
244946
693032
842290
757500
142345
723595
349750
741393
725841
997283
167582
351206
181818
233568
483533
6101
504334
834958
698325
591879
806190
119292
984014
890816
269788
607515
249519
616886
619641
588188
153467
152346
89365
376210
59383
111370
324082
614604
663470
343588
871363
918096
40400
47043
511037
43112
852115
201774
504046
615142
78788
980330
49951
901260
368569
400302
679417
322696
189306
86504
329619
21818
666631
3155
443315
543994
302247
924610
586573
807188
400945
806706
683605
170018
801547
715984
996647
941041
549231
741137
533807
332478
63633
480293
716936
784337
888770
20241
953790
663115
897713
149403
315347
792435
133175
133409
626000
743958
500045
520102
607453
255716
557587
52674
609805
479400
719208
700744
740454
279938
757176
337937
700426
272202
890776
301911
132495
484916
329757
780587
789088
747255
549410
384167
285653
872089
709871
457489
548355
64071
886674
795293
285625
545725
215253
132153
342899
767482
169814
377819
564515
785582
169669
979050
675011
753797
346631
685678
184049
376549
920310
737614
913277
594107
424709
949614
715226
506925
755054
276773
230156
457123
808937
981431
388310
225904
700479
890715
617144
752634
982505
954905
999315
19779
864868
167887
157876
881857
782707
652844
376924
233909
395653
785392
215240
552897
38574
517798
169428
286914
367825
778495
771274
399521
891180
996599
482447
461857
129821
488123
998322
301056
536985
351446
999852
406084
932922
568845
418339
141865
579483
485369
468135
357761
596355
508733
593069
130810
882509
218531
619687
968475
352721
919453
872686
488342
680992
131512
986481
14789
258045
380858
236264
179909
765171
267433
855803
799216
814225
520497
825300
803587
205469
375442
883595
403837
469910
953005
193984
301308
76828
974167
510650
330639
133891
754438
968811
778956
486692
905187
189974
465326
890264
739816
540892
527941
764064
143224
719208
493699
189361
549011
49992
292172
341050
967789
634751
507626
729643
347994
71066
787199
942934
793712
826301
750692
183706
184618
967704
293527
457854
965233
911011
125447
862797
357127
212056
548807
772976
562794
227832
425593
720485
146657
625658
242736
599637
26074
465306
177984
101666
803280
139760
723535
423515
595842
443855
773290
546337
909017
109571
672924
845717
568464
235165
695412
940449
371802
159292
91109
691689
623952
930128
996229
229658
795482
492732
484888
271390
221473
960801
239430
814627
863116
749827
125703
473251
172282
225475
75866
128807
533960
610705
957590
637450
838100
4756
184058
139124
404702
22486
84779
75265
662335
211899
639441
208782
934139
284202
24495
946416
799111
375054
978030
476504
606781
745257
793415
259477
206367
581561
741313
356825
540409
171378
266700
644528
406792
387438
695137
577515
214470
496207
869079
358781
872467
64776
376256
690388
640478
111427
841694
431167
706443
972126
835532
113514
583710
723539
340165
520484
528755
124266
283752
602354
697226
91228
957060
721943
106600
240633
444892
89071
810471
21559
796007
59106
729
975971
990150
570829
712768
566210
536793
240179
62277
736354
416430
415255
656203
767015
868505
661577
18032
63302
894614
666676
468511
633966
844028
445747
692885
189603
130694
88145
364076
819554
244325
961911
49602
193712
496471
936241
421406
386156
215197
203778
119178
747765
570361
370134
401323
953788
983169
196997
950052
24947
607263
384834
666697
109018
447161
635643
13024
814009
974111
726646
36027
261264
696602
452192
223870
960445
436646
886136
899327
437026
912077
997054
454344
634074
742591
805746
90754
361672
729336
526128
500770
279395
813074
483440
255600
749064
389323
773909
138602
10891
453420
758646
289935
848533
601762
616949
86687
299831
782319
494247
630249
795314
393727
753801
877426
72334
578302
842943
129267
521612
965813
551251
690915
487052
137198
797314
683927
87624
866417
341264
66555
316339
436910
663200
360047
942973
23098
474597
377906
926228
783468
891297
345255
378596
408507
888261
35779
706055
634521
365681
344112
921255
511002
576881
672127
120794
208772
607942
293383
994954
858633
70371
113004
588952
841272
979578
846297
181001
152731
186062
711737
901346
736467
142576
895278
870416
93417
628694
516159
638127
347020
89692
377865
627346
165528
625447
935550
835880
447469
32521
936576
448437
403841
968480
456829
809629
365980
238628
672457
848472
72006
55889
241042
788586
647098
438570
979677
250480
652306
68882
570179
664209
361993
928748
967505
829025
768558
596734
905047
661057
878435
192771
83665
774424
38200
934167
782668
446441
373097
885094
746966
989351
492145
589195
741247
431233
608293
752051
585029
789176
131378
755230
19305
674203
385979
764721
346936
105867
493689
784837
725764
462520
309414
485674
261238
717677
919379
753762
419818
175450
949283
350223
1282
242890
460679
860596
227989
389577
644679
506282
615913
813408
246098
580609
781349
388948
139429
993374
243834
410801
695267
934270
907410
639821
347727
275603
281717
540823
102253
746376
70629
16147
607895
876151
263974
914992
10455
544218
179680
535153
370032
455170
255623
470575
955447
891400
632957
235970
763411
167383
935209
268091
745258
194456
299713
798274
164584
329249
165747
399044
199804
163670
384535
24219
536571
986132
587499
571608
779817
398693
108199
420088
403186
581344
900837
967131
364798
489008
547673
70597
561429
912695
15614
340654
282892
521966
168308
43023
883708
77344
267087
678776
391798
196221
987381
576940
746512
154690
902354
519480
969484
14062
907653
577346
312268
275612
587915
142522
887958
758163
541563
674163
116516
341232
432579
232423
720884
956959
319618
194968
178449
955439
250062
17169
153856
475159
199543
229517
159631
656673
130985
311553
139974
979993
868296
720649
511732
574379
993385
185178
20268
304515
955255
882463
939406
843670
34865
95817
426084
618128
280110
880226
76801
499014
206082
598447
544036
698278
370062
16371
518532
80990
780524
582490
169283
901241
121120
644063
743921
512098
407694
192625
350859
406934
17205
906757
141240
551687
494279
762478
42131
544062
392120
15688
394508
357867
882410
693236
320050
174194
591685
936117
150077
135497
389592
643814
668959
595790
423990
788633
209588
99974
67951
617128
571064
423448
697696
386842
903991
787573
805362
122879
13451
430721
832364
109973
593460
463105
147919
110207
882101
896402
252528
456157
249251
238890
501136
282731
608155
409926
675047
972840
225364
182620
110342
463065
481913
325018
491234
721345
427047
81562
762926
345201
623206
395258
22512
496304
456284
639411
993523
749777
159587
424195
436639
1469
601268
963133
790912
765748
157422
42829
453265
486854
289828
856943
945346
175843
294948
216743
393527
795431
879364
883698
792813
943250
509231
620665
666542
178374
861732
756056
159913
855430
378654
317965
816824
13867
193068
487407
282977
392884
849357
98954
303907
282850
154952
683346
550992
822352
378197
301911
543592
741490
166420
165191
271978
236029
173802
468256
667604
681333
34794
971355
763723
549623
734483
670651
493823
991504
167911
261981
3273
869701
857460
367988
463708
995891
236349
619657
470479
439089
50234
242103
55795
666714
476354
686280
499823
974841
35212
636078
626384
511539
888822
36324
547654
975301
480773
605012
996783
832378
888282
549792
598860
583411
475798
694239
729849
10726
681955
624565
373191
809733
995537
955297
495297
620922
233401
39838
768944
578321
99952
458096
506408
934282
676870
832354
251748
607537
634708
245797
862565
961181
311942
285423
970767
730574
327571
637386
846327
755719
755698
899260
197790
760421
394986
64905
3379
104164
60529
984485
268097
326974
390723
685894
29455
357197
306043
837093
735520
930415
475548
6790
635567
747203
922210
595919
396182
249097
727257
29299
510050
145124
772965
862058
767869
557720
116830
710558
655358
763350
152677
31111
926276
875009
513401
29597
273303
489900
600953
429193
574589
415360
225925
806626
775467
158834
533582
419089
397404
836233
11630
309434
766854
77666
910100
283255
49079
510307
35075
441679
566946
954999
70027
380925
288992
794496
762914
507246
365615
805682
237378
944478
982221
494420
287744
160179
851620
171429
250274
760238
816486
484521
530817
744820
333633
611971
72077
467527
77544
677643
549131
750603
660277
582000
395593
93181
71236
523623
516496
421321
938174
214325
49055
434274
113496
799652
75975
313577
935867
841597
444501
248926
448702
663031
182707
414135
182328
486966
116728
709464
24584
350822
378751
606974
8633
130231
242922
392765
999191
710270
19275
636592
393500
561901
862858
777665
851033
279619
441936
29101
672535
903758
236747
494279
515418
520202
839618
366809
395131
926942
109077
51688
279670
253587
272291
959000
15520
972354
835565
263978
806793
806701
115561
874036
113937
315799
948370
965882
160667
17502
309079
257678
774807
129040
98050
899868
815747
44484
125184
697059
228791
681631
573405
692107
425976
142863
195808
591852
986952
869580
488969
817276
65943
67088
791813
939673
1713
582103
491825
817002
10228
648928
57160
401261
829875
766801
851619
404361
644545
373872
104472
346169
269868
496952
996659
282244
906899
762714
803800
426951
915855
112675
129481
951561
808881
399802
588996
782882
888473
763754
440513
514961
454631
215477
327722
918524
554249
229892
547908
220043
898512
869010
397801
147531
641386
345597
794330
456591
625048
132113
987026
956311
813018
644536
367488
230472
210782
881639
533447
818146
71897
919277
61408
512198
559716
544549
839195
321354
74900
42509
204215
888414
74329
251830
118594
292458
928171
642139
479750
827971
763675
25706
828079
510929
652366
223613
948891
131020
61263
776207
180961
783511
496888
874027
363320
228984
342426
925199
715745
930734
47673
392190
374144
49007
815205
330519
823262
738830
541185
225822
85766
747468
518763
755571
436533
477291
731370
739896
752087
311240
398435
229536
821699
640716
360763
893305
880282
91533
331166
504063
497452
257069
1293
705648
965675
191063
326471
24264
933931
867442
228114
489441
370
944515
887788
953966
664818
822988
395393
495600
659673
304908
408681
999813
426238
470890
326082
743570
486485
142946
982168
467992
28971
988262
459632
301715
610834
328217
622734
482677
569583
847092
237842
531701
499914
14988
999125
654010
867705
738717
358978
847094
856904
679620
291105
203495
355001
858905
814777
997689
554950
217678
878882
104531
844346
815632
683423
576038
930575
306047
355995
52061
268672
592792
144020
880414
854002
924177
964201
275484
358313
867791
965847
393339
716125
329727
732444
321621
100089
272717
575127
202577
276845
573543
625890
948706
578019
391880
722659
836364
562475
414106
391514
340899
55573
232813
53416
476482
965793
957017
233172
619990
735045
230443
935773
330567
508663
7
628858
131343
607650
359546
488586
255207
241815
642512
276001
319170
960705
759923
907571
299265
834250
627004
263564
273411
694011
406432
128457
394271
809041
469788
573787
522625
507626
816395
778361
765789
707894
280450
281946
498203
879157
585947
144338
193032
152471
405456
893728
641656
103696
731645
798767
884013
859290
235291
89106
462125
223076
930260
56326
500285
429479
315143
484364
807499
222820
940355
875993
506033
919209
102050
143462
460362
512558
131840
427959
85442
391963
32337
959399
253946
442178
151803
543867
652430
105490
740542
17218
983981
699582
307617
866826
286948
419645
366131
980922
848624
708667
348660
8933
16090
14280
839236
138524
63586
887718
8501
136513
155997
425286
636975
260494
666947
684365
250539
850995
87560
369989
875188
288550
81172
650688
9951
225886
455591
997935
689702
333890
360150
969341
213073
68207
304217
22111
398038
247496
411337
809307
777442
640573
153196
560722
627496
563061
857800
109451
191581
923230
16419
824991
527059
673949
599590
450836
987504
456227
704983
965739
761402
854050
394251
766380
381941
492922
291463
246307
506481
925773
167240
568217
971808
789591
140047
520023
915229
388859
803419
336974
222938
267224
325503
371309
535285
260146
183819
800160
652632
548928
542956
894583
891803
809713
261648
143305
758855
635193
653876
734747
884752
155450
105145
884682
287825
614816
283401
574034
126265
521099
355672
552314
261081
509153
694322
821779
654256
743879
269576
961691
713945
35060
966901
637318
115780
289456
834574
688753
247734
701317
586037
264412
449371
403788
212939
10300
441540
169458
550724
302207
604046
146431
908811
189505
446248
591645
606926
509659
34557
665380
945279
671281
654399
417151
61719
809373
346835
862741
524384
34898
484883
621205
905179
267156
519687
450691
647490
835109
512793
479005
118490
157964
354675
703314
603682
271785
82200
929996
832266
991885
462250
464532
233207
465189
373905
85133
569693
97052
893381
288241
61985
609184
136084
378744
36615
798577
789681
643888
372803
420184
101155
418353
152847
696197
579608
79045
582165
289420
754001
365104
883341
100285
661194
119463
434042
694071
877379
5538
62422
357002
480657
237207
828946
749320
664094
890371
770685
105738
922964
75591
89980
923726
918498
413942
853583
451758
863467
892569
281586
642452
435011
772868
825729
94523
94674
263574
391843
983111
143997
280372
184797
628034
620579
370190
650494
362834
966
358053
700481
69058
903135
991553
834200
989017
209877
978481
63195
47590
423364
321600
838719
193721
444883
15957
111748
140872
449709
661079
365060
594610
66261
179956
398682
119445
568143
21169
128257
696190
3658
479225
470068
210161
491346
33986
385996
444867
318487
588365
348942
165669
419878
721260
701089
342759
234138
597997
814331
315427
791935
43503
406570
445490
128774
187376
316421
168289
749292
56080
924517
30863
151381
677427
291208
90691
345534
353446
135985
938074
226678
676816
240334
691328
372212
823878
166245
523643
845759
831288
489012
206390
139190
220361
917051
247975
555131
289669
576754
352078
279884
368417
669456
248494
621991
697034
407670
641500
983185
123128
932171
632462
127066
971851
866422
845165
897698
436425
215714
716734
258006
49827
295071
47270
682146
7213
269735
135123
274469
889268
721177
592339
299891
409452
739061
240966
530235
984848
59523
14164
673772
768964
710018
546378
963312
196773
460993
426124
720082
967143
216555
90828
387190
230048
766944
806618
765892
971276
206424
955535
528906
252130
526177
493756
64355
230103
505936
300681
28247
982018
206802
886959
910790
929157
423859
761302
323055
920854
718648
471672
699375
500333
338835
520978
260526
830846
688147
41228
419452
52952
741064
981177
847679
640499
390716
968837
369899
839575
109105
205753
866277
578324
844923
481765
726124
907493
377141
205979
712373
84608
320591
134877
963251
639830
295025
69534
895239
164972
43148
752623
942220
781370
241071
413442
718343
883005
274920
13480
244059
576691
678964
881331
282
83372
893204
813472
631300
348099
331665
791806
285981
211648
821971
146980
434929
252442
429374
146839
433393
211507
830980
170568
854335
341218
899867
755278
296395
17449
622937
861112
378695
217717
50168
785942
626408
695721
471034
196890
191814
659356
146823
404643
653685
259609
783114
426956
394863
239110
357590
857878
149209
253872
489712
480044
705310
142978
105108
533258
825125
162140
762459
62790
188462
47283
986679
293749
444786
741207
31971
707948
693067
762865
647741
911384
769144
824284
929590
579252
852324
6409
645827
374894
67783
366962
22122
840233
490734
837251
294465
845654
795872
792787
48364
314586
654734
24810
372224
260146
925209
457429
933737
733306
168653
317622
473171
689064
688949
708446
703429
106490
237234
879187
565246
428782
536238
252481
369318
408505
484440
127920
189052
450492
898688
972770
828985
695562
204366
732714
320130
865512
601072
425791
622483
217976
194583
988865
954487
208693
902337
751042
732636
359190
57326
675281
462622
776625
645819
781403
869995
348514
756234
152527
629388
492778
522321
306470
510351
193635
456580
687261
544885
54068
391591
422063
146452
385436
342119
636669
210271
43860
431684
18221
639862
470169
743119
350898
139937
480208
130610
143975
216648
649894
200646
244863
83141
150832
696624
440687
181696
677599
917783
494479
888919
890161
796583
15357
225811
243801
368743
538138
864827
240769
702962
363160
293506
511650
484826
449452
699116
331076
316121
508899
475430
810457
366093
400255
267987
722099
742044
236006
435134
209087
375042
865816
286258
515600
853484
987146
971375
951640
296207
719243
321344
820083
668066
893540
377755
685749
136119
142725
78874
58971
831305
617511
184764
799350
824521
526511
485718
606020
17352
648250
949132
83066
951729
113221
915172
821990
228810
657569
296118
65541
648978
55845
513217
849486
412700
139011
313219
583729
373399
91694
996679
850620
711298
883322
938735
695952
382629
231861
656847
33756
637777
933362
180124
140202
217922
572601
810438
701981
228250
716393
261001
721707
883515
471725
937268
8638
772726
216116
166302
627648
465291
272090
599886
666944
846191
408807
96136
205129
471918
220504
999704
642141
167778
337394
390870
300990
368052
816100
261653
748305
127952
16414
529202
294440
978617
374928
422443
159015
27143
145204
286165
697110
17557
886036
274210
557741
608817
583506
315731
842721
861467
126580
994949
528849
923254
226883
877924
181428
142793
689957
37004
266003
485048
504210
199741
930755
104410
755316
955732
595938
242695
99829
506050
503964
765185
470805
11712
748759
283947
770182
606706
712743
384816
666825
228711
486997
496102
162600
855751
405117
533485
889209
129801
75645
321532
933255
789238
244365
23051
632744
631451
928850
837323
988056
76841
980444
442885
951208
286927
642922
132916
502168
19646
792454
561594
986133
477051
578937
800505
53862
969103
123777
395316
134758
96548
255188
562193
254688
932295
487211
184901
830051
170058
638575
298923
654438
748360
660097
305880
396312
821144
774378
888665
637676
78462
376699
407140
579488
647890
74080
967109
222292
512000
684143
285218
898816
588024
206157
97023
192426
282412
891978
446406
372911
992851
519567
83980
331091
105164
611223
349589
536714
96466
261900
137068
438408
95940
627723
425961
640662
532528
436265
685938
578595
593592
844569
608416
58760
951988
480422
641764
271500
953188
828506
455641
663255
852594
392841
697504
871397
318128
899728
592660
407294
174983
87937
515508
53829
625057
198979
207909
112379
648571
165761
933301
978789
256965
860294
887327
990123
588641
22942
627179
704692
793123
486757
634461
19291
23757
167296
394444
984751
581972
449886
665305
664306
540726
231471
410087
77395
523653
856061
605039
378674
675600
846291
138096
631427
807714
536926
224623
733645
293773
678666
643105
659283
642187
495512
724331
571880
922559
627200
594396
295083
756641
35528
301070
24849
301500
724799
956944
968408
136385
518530
355718
335225
84912
684280
719445
648190
9965
114003
599411
307824
49120
126943
19809
24041
265553
589595
689770
166951
666380
766839
797123
564564
273940
708881
757324
804473
450151
418672
747569
5307
715538
449928
331368
474728
521676
225030
223385
485000
21463
698409
802589
365675
250359
168222
734803
601889
231125
61663
517157
65757
486258
525943
960550
40778
319674
378283
414260
757644
656985
160560
626364
960781
593591
326322
80299
781238
876644
85679
402530
460760
241243
440508
497482
82440
391132
571543
612482
99204
323251
168162
46568
337
132063
547841
190196
153458
74722
339891
780581
427668
246313
163931
649683
887368
170143
846057
154562
862436
991040
180304
250632
888545
699853
171455
546841
793834
100207
620317
407862
965058
310520
505004
824397
171120
644531
468054
420070
296122
3276
389797
762584
899827
24418
497817
45239
978775
622162
106486
331156
340651
308806
334000
191051
465449
403489
298396
358682
119311
353671
559302
931491
8007
422247
715063
844008
395657
150276
135879
371210
357886
95316
333268
912035
285034
641455
538847
497801
621601
957746
191693
314537
500925
790056
902338
729798
546526
328098
998236
471584
696065
415291
7584
308282
709889
326214
338002
201118
333252
330246
369751
694053
620510
549857
28054
918743
148982
590404
882398
520602
916499
285204
22751
8922
724649
174448
804117
97317
782316
623454
626727
856546
284206
372793
654523
922364
861489
240890
488026
829104
965197
897560
964972
146405
601029
353177
355718
676957
269093
835590
284679
411517
327827
871909
367074
405818
229628
562329
749572
164397
432488
583098
768224
897066
758911
716712
451145
649747
907596
133181
498336
898326
89511
830030
109299
449872
218305
512132
31098
481826
479072
847098
122622
5441
254324
973681
805312
672144
507788
410003
307231
835732
900672
862424
3497
867659
112202
731315
835935
773867
989846
187728
609927
510549
796548
550123
288281
847488
957350
380750
192592
897276
164267
601214
81855
771883
795182
537681
58502
941941
41191
690486
73470
704745
886626
161944
706885
652213
847102
265523
574432
251742
333363
571940
295595
462142
428445
894542
788309
656561
595330
305444
668578
903965
263730
433683
387058
608359
52093
970058
935569
663569
681984
633281
964778
488049
28364
793643
687262
687934
429694
925611
935438
353643
18037
996558
703561
563777
225343
94365
760997
807402
314919
738111
268902
185616
361462
892830
6782
619710
456423
328837
653430
35109
950336
292500
515820
753376
187466
277079
608460
443962
185779
600669
364736
389130
856602
810885
884254
892393
140817
806371
475280
597823
362811
503709
218600
899067
880848
394425
960384
919932
113134
594196
132018
339503
257092
74365
991928
747729
620611
616057
52566
767343
749323
881685
490128
788774
675659
237149
92724
708238
328942
335086
816257
600428
446259
446464
317124
912526
573841
543365
211643
378919
754359
485189
407440
901894
688560
214011
693548
569551
240978
617591
885067
189325
488795
73206
79227
892471
775480
295528
934261
502600
671088
668396
904376
197168
467272
8266
588025
378400
531104
309956
204793
640987
709848
479975
324269
738491
497733
646556
640973
5657
450702
805446
269797
5562
312031
591373
208689
462333
613760
631879
708033
903617
425440
314868
711849
945779
305691
522108
454651
458049
94362
528787
502012
88681
977061
950317
800048
32342
131718
912653
74512
245851
346971
407589
594120
508435
911227
662949
648580
919981
144961
21955
440957
290724
963321
657346
20983
426215
665510
357306
97699
148246
164302
250128
925711
313856
305136
218841
581585
581574
637671
186859
736463
607130
711468
379304
196172
605217
472708
491281
419083
869955
237403
149113
287051
990731
349323
23250
320792
156843
572172
248518
168370
50227
993611
742257
822236
319072
364603
825598
587239
813938
641962
93059
389229
612394
818612
978066
115653
458311
672156
708903
608907
177559
924893
626209
783976
105852
697911
699805
708898
471220
447535
646545
366119
926537
773427
627245
599142
311944
575552
906305
26155
147908
328040
393052
759558
855296
284022
292764
313053
239981
132812
241866
717130
614633
977362
375070
144247
877585
634160
346067
475748
140686
592253
842182
589432
422546
601800
890822
960151
813031
241518
758903
717103
283648
637680
865765
349140
332771
809437
637402
756613
879070
826320
210720
343207
13043
138148
59429
887558
870795
841964
2560
725963
583389
35359
190906
216739
199858
336030
283786
368321
471231
974605
241844
982248
395134
856071
186269
294252
159982
32781
512190
750781
586147
907313
369448
374559
676920
336544
476829
610677
239997
60658
965732
897013
429109
842186
6234
350463
547731
204379
977670
770656
846535
40984
275740
402265
246332
466498
186066
541380
359057
914984
826056
963617
327935
843540
158634
3905
48841
799755
582202
849153
655953
420721
509809
631883
38862
589774
581723
346891
1970
556276
879717
433807
872439
357108
518049
463249
526674
444189
353899
489432
338990
995358
317098
814044
567496
844844
501734
945574
869046
857521
720179
550606
26674
510624
305495
73396
382455
912819
897076
718812
221799
281963
429588
178702
193529
489028
319338
874834
447594
877848
870649
797696
792724
669627
199027
967073
21091
464566
603812
728024
728567
803293
144167
441083
847177
678921
486032
970442
764385
11835
767601
102381
616995
928487
63790
412353
115668
74245
518157
373141
565279
2398
645716
899617
775563
25171
303428
75336
210151
319298
111475
387477
35385
322266
563596
122483
847822
228072
769650
677847
950021
160598
385027
251101
201518
478603
515186
903726
531936
956989
631192
112674
382384
350328
749456
90640
993033
491856
201186
45835
385693
618451
622240
87733
428429
160689
510655
129237
712650
785500
672816
298049
591783
236797
58288
435462
234671
450139
177687
60720
276734
419552
496600
71943
901070
955534
81155
837140
520824
706129
535422
479374
185427
434718
708576
250535
158062
531891
73347
41359
910178
119173
970365
97582
352011
789459
558467
603146
533895
736723
149604
456195
986709
679188
270598
835734
330909
548213
773804
787422
556550
292986
339487
803282
577509
93350
429066
699611
737646
873511
624938
180292
117170
256061
900920
231425
236134
956304
122495
387934
959257
171754
615812
643933
358932
468102
295740
359559
782940
338712
265638
524534
589842
969970
527508
137096
316949
384939
850355
982594
798437
63454
90619
314826
772635
131815
711799
690510
639174
323469
999288
120007
809201
859604
105644
434806
966363
291747
531422
202905
984187
141848
704624
976840
74044
434784
80838
691302
61011
725092
247124
779865
820026
387021
96685
34245
344972
511648
3172
585691
993864
951117
837014
374046
917030
483868
507251
305912
435192
429828
24939
346049
763349
746976
769401
405472
444008
871333
928799
794389
522406
47309
438100
989808
489502
148833
665471
707918
600158
972559
628213
865565
91468
693079
412073
506157
600726
257371
203431
629797
954447
769367
618917
64906
513357
16057
885469
550613
156054
24050
664791
91394
413895
686606
483249
967297
438959
486528
332789
52188
822530
920777
575676
530373
984724
928577
256490
650038
889292
245192
793176
297417
35899
941643
757602
729855
379997
642859
575787
256908
751405
218894
488213
338471
374279
789431
764571
696176
640608
9301
938948
722092
273536
61951
885167
1340
213367
671866
875901
103204
336606
875701
881999
274126
378169
139272
640526
955246
929558
582566
458816
374965
605346
781659
349901
688479
557687
326664
978934
295999
310444
580338
849572
241273
134201
926525
435380
985376
138789
746322
232078
73800
129804
246999
355197
121161
41125
729908
230315
818789
457642
977379
514563
492839
683457
769644
428895
316808
988575
48331
927077
144317
760930
93775
680368
517599
966647
77601
566565
979533
871891
27484
291356
654946
27858
926472
769008
805928
237103
959030
473451
171588
269415
117742
955108
236760
903640
642129
32103
604979
549307
375935
938250
300926
458269
88006
949806
465152
800292
914120
342499
850011
992914
491263
251379
429320
350189
283575
183365
726717
474134
470439
333928
559578
171721
490555
832237
864163
825096
927879
88301
134390
928590
406475
43323
402181
386746
866508
100668
101663
516380
909285
774794
349654
94100
981266
165735
5810
577266
60711
545488
748690
661581
369775
638841
448853
767115
728429
533902
565549
750190
210507
201266
735464
583122
939655
759546
999730
339997
732577
319693
153591
480812
834133
535534
645207
332240
300490
494063
412065
121683
425879
611815
299810
924138
773775
212523
334778
504636
536265
827680
716211
16602
278976
103391
360669
672698
875469
150346
982440
793357
19756
355275
596369
952525
509131
818715
754508
513273
938134
198463
343064
822557
805437
695852
499143
223267
489116
989076
979083
710805
301860
171388
998287
124443
554799
836698
71158
257813
783891
559681
617744
875467
958634
676151
701634
990880
33644
451553
265411
629293
121784
179913
203953
381139
436758
667592
335101
62511
433976
734020
254905
532956
179964
819959
718201
816302
857926
150507
758919
562018
477545
20160
351506
484481
29296
198679
827929
900363
863940
773418
980564
356986
204700
871407
488898
544652
298935
864049
930784
866243
392349
172198
472761
695912
365398
102841
23684
550622
179807
34226
642558
503267
780455
457052
97181
123843
137898
372466
957976
71655
201835
277687
785107
376866
111404
814615
427145
339997
605702
19025
477369
114673
516725
93540
967871
16216
374763
294718
128207
586350
385181
845125
159907
595613
911937
939511
492010
808479
116278
85989
253774
316048
695697
691221
748600
674170
93438
754334
932988
546766
795897
933339
836346
833709
608177
313063
751788
984150
463200
427697
400924
787548
701339
385450
164855
592382
878847
269925
441498
621759
717040
78261
364459
935439
797526
718228
301396
565531
732423
513645
65471
767297
984668
435529
433644
469813
873177
29712
329483
759404
626980
754320
838133
950859
734163
770516
268378
615159
477043
775837
49940
26015
289164
519263
236525
468982
971645
820069
484077
775804
717550
244439
509586
366217
293328
877929
745699
320998
474433
97026
788028
332202
437718
208314
906277
546374
178104
322834
167932
872927
858888
848390
150815
756377
816012
399737
180594
58302
194233
400
439697
831279
550136
620957
272956
113198
745289
963066
522120
737519
481975
816902
780212
236520
469329
433865
384503
812601
870625
405623
824702
558837
709865
409225
634638
71029
925504
87137
892329
246617
722892
834878
460681
937050
275459
365224
609651
91777
940664
787408
576337
703863
104718
851015
407444
517812
396009
131032
48169
144362
962068
796926
980319
96363
596202
222220
107174
576
134469
800103
855427
747646
637596
462318
97444
348063
671080
409910
415653
967906
724725
364975
357149
201943
174103
111630
84603
593335
664692
450202
243785
444811
187908
367805
274607
765502
4363
611517
459143
826495
955624
494479
308596
914473
597358
804664
443583
759621
798656
97607
506651
880691
247261
760313
832232
727607
696248
851474
912805
828248
291851
310381
927255
610984
558128
939787
807809
533412
458563
426836
244008
400824
281174
359587
417535
881743
373476
937518
768243
820020
899813
561076
102303
778215
933234
67726
17619
948300
870627
140647
683690
157994
65037
424749
218882
850915
217591
190131
631111
206288
652276
196424
533826
852532
383308
156727
405155
759447
555699
824780
636217
388215
113136
126284
391638
850842
152035
477921
255368
888777
165697
807667
479282
693072
323868
219631
530183
487433
257071
844214
279821
648995
246062
393415
30279
221823
621685
774569
602634
561419
925709
852843
683528
510551
531940
645720
452166
587689
534165
180196
502790
545757
763015
147548
287886
621419
115935
931917
647521
991297
100649
445423
328727
365636
749763
94317
473287
161091
522934
610309
205075
334738
642136
891817
271055
826362
348380
792937
982408
890628
742639
705478
249272
139625
139596
997512
580553
103422
898149
172249
687553
507622
470610
498521
427456
534059
673407
142185
56642
501398
446413
943645
239027
902874
792841
266805
696914
308012
312673
61174
265338
258600
657690
634118
132428
104023
922225
334958
993117
90186
166787
602689
220099
965045
661810
299269
391645
746788
185497
897384
153187
816612
381193
956721
169257
843997
460046
672134
418197
905253
996396
895079
889505
329192
184287
379996
893573
789621
125379
721566
199769
686874
287413
400680
92969
946719
521599
281787
109180
568403
27512
635830
553883
276513
614259
891268
984034
845776
831433
755619
120003
282132
695274
986421
428555
898100
569554
752929
878272
38871
933072
103639
18273
754980
720125
25198
677233
104956
870239
970923
22342
734328
632729
93052
997861
211032
513615
254298
306142
963595
75095
372879
555141
618502
681065
384713
825770
98771
266968
210326
679962
359241
194399
414261
394277
624779
718209
592061
754705
406841
860088
34049
816251
999042
876625
136346
107747
622051
727622
955315
242975
412082
59595
79229
71437
311827
672949
443303
795659
80558
467083
658251
942490
913070
560723
433375
990786
163992
316148
401018
319649
48371
13807
271090
472561
221509
240418
114872
414255
673346
471459
237209
245393
586715
691323
596834
281074
126869
941619
547546
92327
227625
332097
331426
338379
338446
623911
598052
425320
128640
225460
283744
583833
643906
89211
540252
817975
853335
179208
229179
747641
868448
624225
953964
528579
375930
859428
502421
354895
154875
632987
949138
5650
137320
524054
299735
654454
495247
53911
99293
417961
343064
864309
865661
786975
51867
753147
123636
55063
881777
994332
843094
619828
558882
795097
463864
845640
11766
135316
855778
281707
328282
434935
585075
540277
275610
322069
954304
979178
17512
203626
817729
834056
865905
539408
645488
38212
460211
623159
346992
352187
198961
220279
126361
447846
890502
837473
701935
446556
152530
180275
46899
344208
239799
377393
744326
937247
733585
295988
747544
579189
779218
78803
937263
402
371381
60935
975557
108502
153597
450846
905846
852767
448763
304988
908697
561698
425472
230596
280799
354224
598696
888743
171051
340796
958731
668057
956544
125304
298400
148097
118626
831951
987898
106735
822398
335020
663699
567625
769667
885571
378503
422876
524560
965077
116443
272503
711468
167920
162156
228984
799837
687402
408158
788191
669158
156097
33029
728674
23990
602958
649482
617863
720705
250255
836956
445538
256820
975780
311574
795578
448684
774625
103875
596774
779327
411141
330030
542406
459997
620404
9298
419819
41374
221528
213551
815274
599750
469925
46094
147146
341699
313535
354668
791303
605989
911224
840129
240346
259393
968149
995491
579943
255699
392109
631908
808463
837461
339549
32272
118234
910923
559315
208752
727398
95814
689594
936868
204475
259266
369541
768036
825773
906086
777922
116116
486665
311501
439361
714451
971138
612283
531618
680450
188354
83572
212600
785606
506235
916898
696031
361535
83327
158838
212153
888462
420320
193323
744424
689476
701116
812583
15877
273226
775586
365926
800247
970803
310213
517509
1922
551033
133755
596213
975937
762820
451354
931747
369049
809357
589937
467320
973496
387097
246789
375715
378369
704848
323495
233014
866810
764298
96877
427845
286458
617527
170475
148309
617666
540092
790995
791784
646564
288766
896537
55039
347445
133339
771684
200574
193459
906487
410147
268485
480910
755175
589130
143014
808131
984277
934412
294431
100583
765004
85233
33183
657081
466092
800291
653792
642178
985866
356232
385065
57993
900047
172644
792994
936561
708676
469924
424508
548712
18878
530942
815249
996438
221913
122701
117419
291624
769957
428275
907467
970577
882436
290172
911641
242092
990605
816259
560932
452378
920500
941905
988803
906728
676708
650399
343031
876339
612793
749547
691399
40366
204107
374888
811799
29209
998437
255831
19441
35068
678483
799974
432446
351767
594187
162660
206593
305501
319045
990018
456455
297768
126169
886745
123566
843096
133765
704512
453000
85643
811618
243896
887498
369549
245032
195519
686828
556758
970286
690426
4616
41636
900050
590958
972435
328339
214105
591305
607230
124786
705336
330775
727402
753048
472866
592137
894172
222350
856105
166642
656026
600232
424498
207435
706804
125074
190570
649595
697479
567077
312584
577581
351924
953180
531430
715688
949130
977236
434240
88715
195940
300590
51416
615226
63044
250289
513345
392710
872746
62088
490835
330439
961883
616600
235312
165096
154823
121577
111029
356015
353758
963917
382331
907506
164495
504269
941376
89652
924063
907645
139824
949135
367999
628215
243177
191088
302938
988914
326984
985680
23705
894392
647867
225019
537008
827743
194243
941006
539796
858968
60505
89026
447791
318729
599030
680261
255941
442234
989047
409486
24056
40891
969021
592674
931378
995822
421226
731307
206
559552
765057
127424
350597
887093
598353
619778
559968
284960
997201
265585
613473
768636
838987
229147
817427
647301
575073
806551
624044
565686
749271
714417
141618
945121
502912
437551
412202
689164
697034
89292
502846
602680
422733
394154
36310
544667
200295
858329
559476
241735
655135
725792
990924
759192
573887
784973
800671
437919
429325
155411
173688
202158
173494
842718
660535
268894
970585
375912
764070
912024
371602
133748
743470
974046
950026
967029
320837
538518
794215
139155
717137
265922
457153
23727
368351
633254
576295
621039
479595
461009
42633
575915
150519
731960
778799
811375
214588
645643
954849
879064
591474
465290
511623
758908
134079
990515
699818
708042
916319
151586
823417
466594
178537
757287
519268
984472
834774
653854
655897
300745
429687
159490
914792
507723
661409
696836
39624
675419
843952
600092
830551
478492
23344
372886
631971
709041
433619
385704
778473
912400
965253
424212
644806
136641
284376
32507
110024
818973
591977
782454
920176
852191
305700
251504
956011
566739
504274
369178
694006
825150
669710
189511
250132
563201
520376
945174
475978
223368
914700
468885
173896
335800
819323
35058
88224
527263
614862
918607
798034
245310
726150
579012
299139
469871
3753
193455
649077
813851
773724
520621
245971
182083
201172
615352
368302
273055
391624
719539
110553
543770
56427
483628
409712
388284
511714
131790
351924
222651
151566
506065
243413
182014
275828
738110
55019
546372
277836
560200
907267
332639
211825
839295
195109
952690
552888
233225
233288
59387
611573
803731
577702
335193
83950
788860
737521
160495
948041
554703
978029
829062
674797
337052
758410
70121
489043
363910
97237
240359
613592
681972
3869
942901
625651
3046
877880
264386
25505
200061
370731
232214
552203
602690
540883
750837
54719
326454
654700
847055
118676
699769
923422
713468
170827
417091
932757
129945
207429
872670
837108
26657
55754
984094
862733
355758
144714
413901
687768
871852
184859
614272
187324
313404
421906
354282
999942
603097
936015
443193
574544
48140
506783
98748
800802
46048
799701
424474
327485
574346
288194
116552
119551
774739
473142
2592
129668
685573
710920
803235
19028
917071
524131
589256
481344
26083
287841
942497
7399
40134
845066
831098
40820
497199
175207
98164
320885
630424
725694
593736
229080
609827
768738
486522
177019
649993
956342
466723
118700
79794
178715
111921
600352
384787
129659
142900
540632
842258
262052
710864
750458
923413
349802
422201
174989
23044
654522
30911
906285
309354
231188
699156
377983
456075
521201
834169
964894
759413
779947
841857
711104
267085
807026
768310
690953
869689
447481
583571
493594
968331
375176
990789
183477
590913
743236
501712
355394
995018
483528
920778
343953
109665
234709
22433
430823
848963
471510
45930
720866
59537
609002
711280
190452
728379
366905
355382
746894
258068
66602
811973
503722
617087
784411
60
799775
993161
307550
96310
135974
906693
691855
720059
10516
517105
910993
746290
612775
634932
753010
256476
107124
849759
216304
749414
890492
829209
766505
470343
979872
822023
978936
456281
910337
55469
722257
814915
307192
120857
380643
721092
185946
868012
843422
715912
655687
614572
410866
829007
598659
687356
494651
651792
203348
178412
245391
521455
239753
905964
754715
936714
45772
474372
577231
490530
554151
111070
308498
698729
810749
882505
602527
250300
337773
270067
186909
676206
844894
8176
241697
609958
318198
938261
383357
56950
102019
860698
298291
466914
320208
149814
898569
306029
768474
51397
876480
857061
518341
548051
781584
15074
856044
13688
77721
366917
204154
207000
60950
987631
574980
817070
600958
837778
601475
344972
784222
696872
814778
828711
480647
9472
826426
575329
203742
772472
366581
168774
552351
542008
801955
415462
656138
356978
115364
565309
31021
304961
640991
990797
291030
781345
145767
397845
68497
991069
917265
536275
10159
412858
1098
849787
518353
607012
61526
194742
681906
458407
585848
556951
782802
300348
279939
528275
510185
226654
239777
846152
571494
961899
293399
405508
393789
677115
278397
635874
790992
749978
78956
927834
186146
518086
353009
248827
999655
367752
917768
334704
308893
740278
952627
377480
115036
495470
168324
17142
838847
292897
481589
206336
546065
841436
205725
163025
32193
21622
268401
652691
956995
136034
5327
142570
295495
745628
210133
2399
254746
185932
174435
109177
740992
762140
912869
811567
539853
266264
447126
984190
471666
584293
196261
121578
46639
849455
99764
513220
85811
722019
336948
559614
852321
504312
229107
729864
196951
998538
90602
466853
294707
298527
670507
52155
996596
106703
588603
519112
961799
964918
991851
454937
467318
480803
905043
463901
484222
374669
210452
921019
76202
732412
247703
297095
589480
447477
808488
192036
538646
309024
478671
60187
70251
138831
954708
896731
143412
138093
542356
953942
517599
511963
202625
997810
161146
168300
621551
906361
668302
22798
599146
690255
864625
188117
146519
236062
648500
37223
7711
732025
701531
903435
601075
889317
775017
924849
681273
496098
272775
52978
328640
472743
575099
720476
525380
725546
441685
382285
220054
656915
52438
791591
987291
835046
962167
381387
180227
45903
680848
574535
467305
946855
160439
564017
968851
449996
108486
394939
779400
124285
450020
27641
736228
989063
643342
194371
383526
872231
182775
658507
70353
177259
551034
129831
586912
696623
19311
385066
427645
396155
369816
382178
1446
436536
436632
811951
372096
7447
265659
809650
252801
33578
531163
659652
218433
728843
530211
445125
625171
142421
719752
993058
513613
234062
758685
367998
912097
971940
245146
807193
905313
711078
147404
849570
189702
149384
686482
824062
434194
621570
279932
396542
236071
545859
269412
239679
733387
883609
873552
84553
14911
330799
222631
268406
241084
635855
215036
481978
750838
506284
83167
900194
710664
96414
177124
369099
354975
245656
379229
348366
463403
445476
759946
58081
533744
205509
489412
631119
704246
966579
142360
997244
998029
914802
975330
586869
632587
860516
395414
358741
911014
628208
211117
721924
196484
778626
944888
284271
337913
442111
558301
422700
993937
73690
412868
44644
329182
192600
422373
399836
62122
232801
556563
945485
474831
451464
445124
3344
796866
330501
763003
415361
324706
7322
519960
999583
554917
978389
174549
456301
736129
136911
966498
915368
578764
897039
340278
581694
158522
829926
591613
674064
149620
855824
888239
813706
493711
227097
78283
391082
241364
255537
612834
168725
317148
568064
51192
594402
171381
39900
649704
940393
625715
272483
293884
67535
159978
924955
29996
176765
566578
660984
521679
744585
806895
801975
430107
979410
357525
94977
573655
830479
692122
312060
234023
397373
974003
714477
803935
30446
166051
17759
142843
837737
441183
684490
608474
803670
619571
9850
74903
6121
681660
390815
296448
631845
646618
753787
908577
690201
988581
815277
493071
951338
90393
509572
965244
152083
247870
390313
198037
197916
393770
463020
947458
708369
16966
433968
562200
700525
389476
815994
786868
7457
325110
952685
279654
465310
323461
62730
826772
237164
514901
973917
241867
231341
466995
74015
803330
634707
991933
657831
602313
940697
268663
550997
917638
574208
504417
659818
162291
498262
770802
635844
585620
307050
476457
31808
474078
554879
24228
806664
34190
645740
914342
476764
807111
890370
953678
857196
444905
152464
54122
492558
482265
961151
101877
261912
429010
797931
376192
927477
141861
333847
356922
115397
90078
312230
107068
999971
416983
782332
600282
371507
595260
911485
522790
86767
544983
54273
274006
556081
207086
226045
797397
911251
328714
185038
744497
345252
665567
256053
200018
488970
947793
61209
912952
347594
780816
916944
271278
32759
42522
837142
205809
77731
492810
989134
401542
856644
751414
174813
789505
805012
794743
46111
620979
520933
849708
883187
234742
304672
793552
760802
187839
261384
62929
161438
500470
581708
639931
621081
255926
182377
133650
336869
380759
621625
437745
882161
656455
518765
893727
275523
898816
304561
854885
777817
463267
412381
737173
247448
469030
505284
6136
176224
267345
36982
252087
596410
25518
132236
775207
54367
164820
198784
705295
198500
853623
98099
172412
204547
660622
734406
175137
773990
181310
814129
74250
865519
639382
258903
817349
737167
275314
427108
467458
89000
936384
229282
230570
165183
434783
832369
296494
801199
789551
219057
53829
796876
806929
210952
343105
820070
24465
511699
607901
876879
228545
167125
850955
620660
465695
802069
839991
993029
46358
45792
684699
13887
959206
896812
495886
887921
397770
146580
884311
572846
308666
583316
87570
740889
233234
973472
347877
27353
111436
642777
907386
259998
114826
276506
838337
706838
445293
770264
579953
58970
194368
170946
235443
386943
695921
275623
623157
755501
716444
405790
260353
52381
688869
732592
514943
425910
79966
807050
401925
133869
251191
439005
302772
180386
476636
65801
621996
677112
298446
722361
896132
693884
329686
196649
545567
426539
347741
434592
736196
884459
631114
159179
858085
183957
776107
989533
798605
561907
972523
477891
733071
742576
660452
412178
208262
100935
528422
858821
286079
970198
534820
277001
838762
397372
365510
6237
762903
34384
166661
911813
172106
793447
883137
566613
87523
602704
369026
702490
949465
509839
7074
454169
954982
483451
579945
62742
941309
461576
528676
332016
752770
924335
629923
589232
522292
651218
529693
452399
393483
150628
85734
816828
175782
87677
146265
887846
396617
739515
24108
899971
747399
298317
599803
523444
997920
666605
526827
266815
741180
230674
526299
826546
822448
517124
540479
877498
243438
400979
202286
957803
665543
54081
192199
2520
870883
812076
746123
279159
743430
56713
652968
41242
158499
498747
114533
331919
416488
111125
633285
520357
868694
344865
471195
538755
871750
433457
264926
110581
55027
765179
667620
218924
243053
21011
632623
149651
907701
812244
539475
283918
50313
987273
947100
919978
531687
250299
486095
635974
137356
89793
772945
424788
894778
384321
678283
506479
268935
752820
191111
584415
87262
702425
969489
118920
661381
753710
918060
792485
674119
405696
123981
898068
631615
404759
886777
855765
108166
300837
357022
688329
604664
35577
723343
28386
324487
669623
705424
246344
284342
211443
121490
277235
622603
96109
469627
333759
863902
34510
989610
76990
866585
150043
53502
65435
60805
107064
275806
42791
807438
48294
111529
857735
480990
624493
127819
134653
638230
244942
393878
880395
498365
915176
489095
543740
499618
841932
672019
264744
487164
393602
241486
434810
855628
658643
369328
838319
538650
347985
402943
534150
389529
551634
753201
592279
296452
668407
934559
658573
279933
669785
485456
885219
64395
984750
424009
461714
224617
627430
89369
197807
481416
406213
577905
465920
729221
750998
373874
79829
715793
767001
150623
118816
615104
140389
542257
311430
462396
334907
837368
229177
3285
103965
310045
770263
251994
528351
641923
176028
235634
56616
951114
719130
629856
89835
258661
332070
792935
61568
308930
899523
158721
522725
575511
250705
894230
18376
980126
676837
149863
283133
244875
355616
173816
674020
672768
661977
49384
800342
114185
988029
45853
478382
712854
549637
312912
191649
445743
370936
765749
329989
592456
748943
362118
93337
435303
872936
88630
497429
438354
922291
677577
759950
829591
422493
25990
922406
738000
465499
431323
18306
134847
60365
146059
80035
503696
53428
636492
602594
908712
19837
599787
250061
446849
756432
988633
375474
367056
25648
308816
271522
91441
502295
540335
601749
657145
473039
942354
847413
103011
289376
350402
434437
944001
23758
849266
654439
593113
622575
473395
275671
75193
427235
724756
144597
9784
894370
310930
446258
463169
880181
345948
812358
24604
157426
241783
421222
365862
787733
854783
193632
205570
765865
331905
257935
75140
814999
145488
400834
644427
52222
785207
64980
147060
538691
996460
175875
138448
33827
79078
340197
442598
552799
577995
361884
267659
168840
313654
177790
968672
418000
375517
236499
898427
466307
37836
138718
804243
238149
916492
259598
539720
23354
788652
927190
317749
185119
839337
521289
981360
72591
557332
141557
768786
146012
282518
394558
312125
805189
846856
943851
324250
794150
427496
162475
163993
468207
746731
466900
188055
462057
31060
149348
13799
672717
561974
705945
502982
961329
876333
54705
264025
623002
301429
196080
953404
438013
569991
721716
390237
989320
181228
533897
693294
966923
680802
840927
215394
356916
294378
265272
805401
417409
165354
34999
197777
911411
290946
446491
562112
353160
669279
702613
907518
659281
696548
467093
542404
785769
867701
421585
494544
190599
290999
895706
906021
417326
706204
400673
378894
615138
810977
455886
860801
642093
163060
312024
486583
254471
375056
46398
828558
693877
911817
234973
34147
177641
386219
795070
214382
163322
445889
275999
928499
337388
595667
255001
869826
433938
417766
448075
475635
591171
877770
738417
210670
664904
951107
397071
895904
724785
171127
514685
667631
15202
128492
568477
413612
477858
796259
962689
792780
598437
138173
13252
186583
890932
345960
750780
772361
246991
187024
275040
301083
459794
726635
581150
7891
554045
805585
564331
255181
420969
850982
128152
891155
959996
436722
657492
3194
685653
980018
205530
194511
885768
729471
189830
682728
560023
920821
988
218350
760096
947683
896750
182339
649376
985604
348411
729986
839895
592149
669027
897271
512420
509938
641502
878515
129288
426074
184700
758697
462167
519493
519709
205996
919767
874201
54893
762459
133142
151712
621699
269492
112638
669694
430406
738942
597155
991006
836952
402906
119702
484137
72613
666513
639046
550036
255192
211593
215178
456792
983165
154959
906188
990460
622454
155338
379194
501238
286253
827303
881378
552779
238743
270715
704874
908151
61982
872121
73038
39707
668765
511564
214071
302380
648153
520109
299057
139827
4204
278889
536025
600148
904288
64752
279302
579691
160437
36066
811139
499742
286512
595040
214321
706034
893111
724043
595081
9481
186747
810577
159214
948570
467720
824859
10659
983086
302289
653743
809998
660645
296010
83609
838056
551056
957765
975132
887669
149929
901642
660133
159891
471181
78641
624364
364604
98400
600700
615587
765451
187499
426151
33688
730692
236310
360187
195595
548400
847729
465301
553271
766554
103532
102830
505081
408322
436514
587727
973747
571684
184006
447266
748249
955888
124257
702117
7514
432754
224998
100087
635059
545371
225524
384587
787876
630309
865022
262823
386045
387518
527557
604054
188499
135968
742633
320691
139136
649655
760574
832869
402596
755222
945490
216405
25222
700659
763897
884193
176693
508501
26288
659145
90564
51085
326609
984709
133749
578008
236443
459084
616390
504817
520580
395037
512436
838167
571547
456666
395876
858617
220601
985407
480689
873055
852521
55877
726454
495821
7204
840453
619869
575267
191103
416640
703775
754844
498083
207881
575871
472954
753138
834782
247277
419719
195026
110215
129092
338247
977858
517295
306927
204262
651368
833548
583815
660941
477305
135529
836736
594809
612815
184575
7472
112648
133247
178296
263657
205370
706007
948491
976393
533737
486104
122035
448235
759696
128652
344203
926891
500287
352289
921098
837360
725934
151344
791907
955407
763792
809056
969866
516879
1876
720509
174421
459855
264025
300441
808672
756100
503541
256427
718560
462832
874307
820540
329663
154554
801691
608893
267117
563476
393221
917026
59682
215979
553567
745348
207929
828938
369780
70085
520189
30756
355427
321915
710547
294640
345633
665203
387183
654351
428206
361153
210784
839579
793213
19121
132664
274230
458138
563264
617983
480549
958650
332903
843304
206001
917069
318598
729370
659721
846633
81932
2333
32267
774784
577970
262219
688265
464405
926824
9458
125254
739841
340115
959568
948223
569035
384822
259447
700517
853564
771379
266617
953
665034
930948
103274
66146
278868
199057
629855
397198
234045
620061
904487
823741
714768
321275
34952
361725
828336
873062
676963
122845
569983
681876
210819
786095
141449
706735
605061
334148
179443
475082
550451
753749
331899
640439
594268
423862
133047
682214
948430
379978
939874
294363
386767
218748
556562
413865
301217
482890
728145
24484
379218
984429
207470
739211
924978
552773
193139
207646
691131
376384
344973
812697
479693
543584
532483
826546
199869
394646
279093
766491
378674
889936
392615
735486
305676
230202
685379
73036
63174
333379
343660
757411
319647
511908
864613
898483
566802
904940
922092
534439
926077
817382
952621
119486
368448
658934
894201
675240
67515
823271
685760
932276
437200
993142
545325
797769
473015
801095
691545
958092
909472
339118
429142
223887
702281
556695
523734
319119
556299
784253
181244
784995
835812
497997
721284
681543
767589
583558
596908
295986
134842
659147
44150
877700
419928
177945
749472
682033
131436
277505
710757
935834
909225
36856
879785
867340
407975
276652
808806
877372
277464
194747
769444
949164
803636
286926
5180
303997
341015
38988
288521
625540
436501
658670
220541
86920
536412
333634
411738
358616
202117
297539
626220
786846
216540
818565
733580
391807
282050
243894
533529
945495
282208
398589
595174
391583
310642
977135
453901
366122
900816
615063
314041
126997
906934
595408
214334
7722
33871
626872
379805
985820
536811
54020
714282
147096
540904
410915
350286
525622
149829
633968
463297
194257
705973
985423
186938
266365
33969
18395
865640
754005
825279
917383
459759
467232
847280
685543
158172
498600
744918
413258
455524
234200
582029
4083
945260
897356
198873
472081
744893
14762
953350
490091
573564
642544
388052
992544
365717
765905
583411
107782
923470
380547
27767
297211
621532
81237
842695
439278
726557
903740
480251
309675
64626
380058
565458
602773
37443
510847
115807
728783
86636
457875
191072
440523
933657
973941
758998
31547
839456
990988
777858
357967
31976
577812
102292
453501
221529
681471
431511
165784
373527
524003
717613
90116
254540
60371
452996
794296
81700
146437
953269
214903
27062
782628
521741
771760
609319
699655
474481
829275
30089
958024
719058
579539
26280
555895
427341
337165
765718
370790
503957
312536
787493
565015
405313
328773
670538
652176
788577
334707
103806
208020
438645
81518
886533
254346
253678
609628
572789
447199
900455
140891
774781
463261
925999
856523
129141
160234
262107
713799
814473
391227
4534
97107
479463
91013
321258
234783
404007
623781
301237
868001
753559
521043
848433
782893
19143
171722
916637
506853
169733
495648
269967
345559
820071
34646
431175
611564
437810
257926
842365
26269
860374
515384
71353
785121
418167
998591
171380
356639
692017
484412
604535
994537
167426
527318
581287
502469
417856
972077
148071
615816
62427
236708
881156
934257
412483
398753
206333
174659
568668
338335
400233
663819
111986
370715
994127
54890
459062
343233
594857
504273
699670
50645
205773
987359
864542
655631
867729
788875
709968
715084
664587
786985
559921
461984
199500
924906
343785
943827
772386
322521
519520
213580
729264
6790
372336
506021
819519
690747
911727
45889
143122
139090
572022
697238
867928
419926
682422
565102
407287
6172
166849
886258
243796
582382
265018
339576
297523
550663
267423
769836
172389
516000
399679
976372
433335
226190
249542
605833
910299
230650
475017
772737
252515
437627
625420
142025
538730
884836
529887
906853
687742
129333
496186
144332
582657
103474
54569
285999
964530
714206
390003
235049
31692
995982
306882
585204
520138
970601
974271
205958
58206
935518
319395
773055
618390
418391
387678
11099
505675
718734
985142
25198
240644
545978
720727
111903
772846
499935
337649
674396
559160
686104
955055
2739
741544
277480
210938
525800
805106
744628
703041
118687
160303
326503
681125
79573
987204
808204
734036
4038
848925
954337
868854
735979
246807
696853
808381
151350
218907
32151
911816
915795
595461
229100
52922
799697
525982
396476
996585
87677
539939
353714
96601
734515
736962
261554
950914
96526
966594
329340
770617
107670
413272
368944
617196
255643
712932
130803
203629
473391
735744
195679
34996
455104
261755
322058
204046
625211
312669
16338
352590
20432
645773
17288
607076
162353
355624
85143
283452
518643
88756
929853
304983
368047
73713
970225
569576
64441
630247
282471
391355
884349
880692
465298
252860
399664
558578
415508
592534
728357
336557
497151
448591
400319
448409
639564
800812
613384
6188
557845
242813
932715
713729
114444
325660
920193
466995
519994
961208
361414
441078
729247
729239
185862
900188
936609
854374
789633
401365
975161
366814
301033
301735
906343
775014
923217
225121
586386
774972
460874
955445
108845
332083
493856
92734
10281
476642
590962
756597
763762
894933
555335
709156
738723
708347
290039
11654
777771
395399
423652
895608
863745
565890
1369
292862
273416
839321
977288
333398
178120
990707
572590
719786
975871
536790
467072
261901
786550
957643
333844
48584
840682
948114
994895
443377
154669
867916
310947
111591
549089
969201
930578
742030
595460
307486
286527
277240
803212
40576
950683
417580
164095
821949
97715
917426
548103
621753
979522
740534
448004
245863
692460
659010
394880
499175
119599
978014
589819
503447
11472
811758
633622
977690
326625
898000
459327
638727
642206
789323
477824
295679
247716
515790
429749
275857
772290
96515
9480
860801
592057
100121
567117
342637
595049
162832
447780
625966
592079
531767
77346
471305
261088
147575
410038
809493
469306
389677
854547
349869
579375
269091
198759
234330
621799
806462
880718
39965
93379
244710
852005
568565
437689
992116
307930
154484
771034
810859
849252
366106
688403
275149
976943
830936
567792
895953
686633
928588
511642
399114
978676
617070
982882
892082
193307
179988
359688
468027
283570
701465
57446
250155
11961
825374
701741
650670
818540
861417
683820
724590
349441
299321
442166
373008
641697
45699
578024
649860
734251
972299
298102
795250
742072
59369
152736
560360
51431
261868
672529
795250
14104
267709
720471
609735
201435
896456
344780
291258
980065
844942
698340
888023
582537
935483
993983
210042
11848
376249
257391
277535
465284
587203
476428
350318
236725
193219
897458
276408
916097
176731
953239
206631
973515
547232
294237
586336
671324
700400
138439
16943
196489
865573
503521
341541
712129
755230
156275
720147
432967
904300
694486
11180
98084
594433
183950
558358
762588
871803
638684
578601
294541
568553
728267
810694
30451
742993
655625
533322
707113
224330
237487
188562
762151
539560
895472
409049
630631
53116
215206
173950
301279
518381
692689
5283
713857
364170
67881
871123
410034
964856
468121
808868
831233
462391
995477
6262
651902
541004
375697
891803
628282
333563
405395
467495
466703
924250
799032
649777
754532
642286
579236
714326
226552
975686
274153
321202
44204
389889
804812
322603
213312
643472
771505
968861
510918
900766
530339
94127
291718
23259
367123
188514
728145
409854
688431
987539
533893
167556
600172
233615
569945
169221
533166
386919
23012
865647
458053
16957
775499
338985
900641
890492
337630
463617
792567
