112759
102262
798348
934844
658642
613053
964759
983434
536630
209470
823048
488386
411235
231752
156383
331310
498022
348532
351596
977798
675621
488199
590898
202857
391728
880095
163975
919860
136931
148050
193875
544411
666214
637695
714965
689815
888529
163710
359601
86953
792511
2553
449856
570894
586704
37433
651748
79574
262639
65674
812287
292486
471312
146501
702317
398354
477620
193671
573328
671767
293002
769827
737231
752893
813267
697326
175376
408585
310794
337953
763544
340704
581777
859541
163913
755646
540407
415565
446586
760969
812788
179241
739766
366761
975888
846025
829325
833961
891539
296314
81085
127801
279925
866296
235519
40248
165584
735850
873391
902715
183983
267669
691939
468689
748827
449492
348221
259175
887512
845090
105149
615975
532936
101353
217511
443369
10765
10224
762569
975480
68718
725962
521752
980322
100834
63161
871138
769405
325283
199764
560635
341272
928563
157018
78678
307900
527305
869556
174682
103888
306957
937373
626084
95187
906512
326922
850664
82682
326630
704847
968943
188190
303698
32457
677735
19830
744671
177111
453861
219731
716795
406729
570982
219674
811376
180507
814992
383382
345617
612891
450729
269985
275591
578668
485094
762977
696887
946123
437596
101311
582764
449980
601759
737502
671485
2258
759419
88490
193220
350094
18682
262078
56596
455119
266650
216603
371793
88763
771291
45894
777518
379691
897461
247803
86294
875579
373462
707704
121530
86974
127670
471833
839062
878406
375202
84392
938933
226610
160079
190474
761423
41964
444321
117331
825032
549322
151019
216331
256938
463251
591258
961566
2398
101805
343952
431931
381928
559176
364337
188281
235015
565671
634527
207523
309059
465448
50959
220391
129520
622769
438771
907852
101732
530608
972291
989553
532426
942006
726421
767372
631008
452382
837853
79529
188459
302943
295924
439008
947716
293278
881728
107743
703243
897308
128146
481033
851744
159606
107757
354952
606078
594137
487046
117170
157361
210686
855877
978310
364180
567522
376047
649239
438835
848939
69799
543324
512332
992474
468713
576372
832955
70199
937727
564073
573999
49172
356320
771026
781184
313258
483868
859091
487070
22979
722065
400057
757503
90037
611418
497060
6009
132224
278633
39754
630610
829576
702746
212008
939379
609398
489710
18067
846176
245069
167593
968985
825049
713545
593569
576186
861244
501803
483990
508134
189208
358704
753359
328530
60065
397341
601351
746705
391126
967600
385180
40633
435773
547432
225832
374466
589842
167899
626374
827732
865641
907885
782901
373657
628850
556658
451798
83421
283708
817528
240666
203317
459850
494851
894043
519665
215133
664313
212668
328284
964690
342993
959073
624487
967946
982954
148360
306813
965091
838768
635776
284577
867527
385650
420051
84909
199739
544190
640083
448832
742711
447632
879980
629863
161503
461270
802236
985120
77993
853465
314952
950778
991691
824780
486076
363283
766059
136692
723331
46789
770631
979297
405123
914552
198517
561684
71159
308409
94494
936615
302524
895640
167132
77297
537707
28050
158636
228265
83395
25493
29160
904067
891383
141767
172792
420624
49434
544869
458145
689886
119294
830984
51896
813782
325220
992564
737192
92460
553631
743343
380766
783588
707736
768367
473313
303691
915350
427926
951493
682041
122851
408188
681339
914268
206231
369384
453194
883225
511276
127783
407587
171683
423451
462757
419698
839102
305174
8693
375738
401026
131479
986415
855554
778129
384646
535763
630648
111330
526371
648816
997782
75000
895294
699647
309348
657533
52064
33360
108080
446622
545657
595523
738793
28786
145718
279313
208172
703083
926380
465931
83089
571238
414859
264421
398582
638837
853334
672837
377267
466055
388432
59201
377815
430846
792521
499431
733612
665748
762025
201531
725117
783781
51268
112524
639201
786564
162587
204126
567490
204410
471036
184925
249534
873824
548425
123163
538104
347390
54111
659422
492304
643381
974643
337810
286491
340480
527636
334507
945597
497232
910278
185775
597033
836532
322937
267770
275238
655534
910560
925962
585152
184499
786099
222568
255522
938514
471451
490557
632047
360589
464478
26503
815077
106545
319210
310882
607796
573554
938395
964776
560883
731571
899844
734989
417615
632003
831863
853995
507807
978877
946410
724218
814551
193398
586676
129812
847936
872060
186411
426621
560256
323155
616430
455349
823954
264874
32204
558964
342790
647422
846295
634061
165597
49682
167509
898961
38231
862831
219437
422395
370669
567275
397388
388087
695942
201418
396698
349175
167640
718246
559962
2721
604195
257191
316941
157469
771493
592153
193892
425563
273587
125673
95185
600122
812986
267871
724251
259779
625984
682430
581797
381091
680189
238870
663299
647226
99717
171962
354679
683648
680439
790631
104649
751681
401417
571620
663911
509275
925355
655738
126412
670676
593188
591438
974661
747158
562828
522715
190968
86740
771606
894037
316586
478199
86373
497932
64115
919865
713528
454444
40298
92885
11874
998782
216487
147251
449154
650947
202811
673702
415945
516488
967563
102381
943850
477985
199425
446818
879920
986088
591343
495499
910366
636240
938330
904410
890713
800304
565926
85852
430770
827633
445848
244299
91015
457824
433175
742023
646344
55341
945971
409339
511456
374299
730772
331783
995735
819046
414683
995579
643218
39277
523345
707824
248802
710647
323230
189364
702151
694326
499531
416659
390527
562698
774446
998057
383477
80455
119119
799493
482133
272631
630457
356062
782309
521243
844575
952209
939342
808067
293277
465816
686770
176953
960290
226725
156479
655334
653539
144637
482476
489599
368070
875147
400586
974940
24303
946474
175223
825980
886254
490521
51613
665825
680013
178956
370429
412109
675566
517745
264566
590637
293293
817708
389414
963061
600157
743329
905307
172939
129769
649590
944840
105262
485964
910606
46715
963584
474925
276753
931008
798984
90288
397785
102884
654092
791805
884218
181602
148284
732000
107404
19899
476943
37442
176813
156699
582309
647376
534118
577607
898338
595110
355054
723936
714678
22353
647461
98525
248140
101105
395998
192838
859009
550513
953570
805654
922875
146486
187893
993442
331765
17164
639414
130524
980998
859635
390034
199550
727786
9435
304208
367110
185833
351871
673563
478561
958797
371278
873100
710310
754653
396037
462811
238925
962474
516681
220811
107471
462700
783074
485488
904187
60949
161480
107236
629495
153279
998584
85341
220839
915989
871188
354031
229721
278724
224382
653818
717932
351789
942543
340364
199098
581618
517851
284440
291542
351785
128180
958531
442122
780317
152398
117254
462108
66387
230284
450000
481181
697421
690393
763088
862476
110793
761957
221293
814518
908672
211559
591057
398785
836754
474113
895562
975117
629066
317772
834139
58524
465065
975126
146235
204646
291593
867757
344491
209412
256606
774266
614834
555963
138934
22358
556115
294003
732871
509831
351615
371878
867625
537942
685489
917375
722364
460024
446019
