761223
181070
117501
787313
99138
251804
479890
181903
86469
298534
896398
527748
825256
537805
761506
820581
672143
219688
48472
100780
688872
583277
574357
7442
411975
878529
877231
345039
865833
925605
374441
208928
764834
324997
97100
805274
680792
741126
381469
716384
661378
511611
113116
927683
572659
96892
192742
733381
278320
819752
957701
569148
457665
656644
17767
499089
441709
898552
887957
526735
353673
620403
469694
820097
239275
443249
480895
660260
792533
4402
287646
564354
241136
235038
271158
275776
315002
229370
93060
167939
223660
354859
167889
416526
270415
915309
198222
109242
622249
307840
615705
694376
453754
326859
739271
969778
946842
223184
890623
918953
