111453
516557
297060
911025
77110
614998
473713
745564
578427
813511
929619
132476
693905
901172
186060
448736
266975
133000
482976
395396
518510
11605
423515
285124
211929
205621
494460
107339
329615
137747
68215
432957
324491
582743
205202
808957
480815
913181
50386
47270
510156
17093
796140
247300
259456
176705
604526
19354
377318
146126
10186
877737
139595
177901
939055
78876
30656
160141
120734
220061
62675
854802
666553
860818
842949
88375
819582
605353
269451
432111
984580
576750
779720
616273
306554
487265
714645
275571
80400
297746
31408
897196
864100
305728
184026
221317
128262
815290
883850
374971
97014
220838
545489
503507
211029
798448
783083
324566
44634
482756
477117
937595
727382
259975
788002
244230
745801
661099
753151
78299
860742
596619
956149
656488
833945
416760
267690
455319
55653
105125
154686
107435
973066
687160
254647
367370
802101
214225
371065
414216
872939
848476
176608
36154
364982
345087
309007
130648
353865
444370
652493
876188
44620
657323
713075
164198
287064
492466
648892
436566
464037
84463
135986
799790
169798
886438
727544
514033
347175
314830
252167
305711
283772
785007
605271
6853
148658
847438
259333
741921
594403
952
114894
630239
382793
88864
1161
473984
147375
721365
384771
14418
299631
422125
701774
174780
415754
738731
488341
77085
681791
963817
298163
468405
77678
232576
202130
661011
568306
571169
117268
991405
541681
424793
806753
751547
672680
207937
20732
60593
316804
441279
513022
442250
666629
490127
478328
594123
862595
668265
388039
287426
447096
990462
656501
876106
915591
110267
112285
945112
95779
35751
960675
64023
304712
473037
88217
9471
530596
885595
910924
679763
521303
326514
265467
858801
506896
879309
963748
459823
912132
295189
627540
667912
413816
754883
811500
766824
758577
990224
379842
638864
754832
140805
944410
441398
332857
666836
484498
88016
297860
186959
19317
381526
944855
616377
572217
527274
691033
587746
194624
253355
180822
368148
15065
9054
914852
892024
675901
253415
107335
734797
668927
92462
401112
842876
894518
652918
147299
294123
760114
787013
455179
18312
620159
286830
877172
457502
849826
774335
329276
471533
439053
800690
180909
345857
748899
638714
161277
269779
22375
484694
518896
887177
475080
370042
141742
421335
316935
187634
588600
656334
359547
356780
34717
62845
651612
946153
120733
421087
850325
592719
361822
369710
847955
497991
706349
56746
203253
267830
972168
617131
578868
575011
934587
512644
564465
747460
141729
924078
696894
349396
199456
360209
789034
885294
244586
834154
568435
298089
848877
813671
14018
638168
569651
377645
514517
881917
2516
106660
69022
646951
232395
15122
442392
186476
998350
909324
790686
181574
39695
830926
782137
161761
913374
413673
110787
664477
161038
491784
176898
736834
990802
505242
702155
706355
583550
207831
540116
824112
282726
123398
594565
266502
423900
517879
819684
490853
877711
616033
268170
750389
768487
633636
935812
617246
453567
329893
422843
496444
860193
248300
737446
417502
525842
771618
18052
961644
410784
579997
380646
301633
557901
200763
267539
445439
231612
182761
901383
268965
50351
632186
50045
22802
868041
288142
606627
370552
653818
11635
518580
941733
927866
988637
248248
972546
726759
291218
19826
369078
790461
9277
659007
352340
231279
489836
744787
936792
209198
228730
822846
320902
995167
262569
226398
43192
385336
129999
858656
329101
719722
133395
977876
359718
459537
44677
704699
304344
2374
15767
662778
444849
177520
711574
817022
989074
988057
243942
552033
57979
287759
617592
479105
263996
717254
592751
652451
310597
46754
466246
204174
664223
542996
340430
250228
306512
682119
105604
90785
256703
510794
116799
697288
336442
573626
283605
656963
915215
10917
345759
666647
162277
200745
155186
365596
786646
989024
156622
448923
541480
18294
790759
215046
462518
639164
608305
842700
300240
927008
725606
666239
870303
891776
74631
784565
893000
970965
825922
602018
136194
662925
596454
470946
310509
674060
908469
862588
261607
52269
977369
716096
133179
247887
302413
36024
497070
868784
32370
935920
735678
386703
614947
90564
848860
944104
153698
231860
702976
349222
878244
810501
301032
158406
168269
770726
538893
925659
431
344814
15048
583243
635322
982437
426448
531417
577443
938645
271238
670901
448833
71294
121472
274621
617159
795065
423756
416570
922944
948923
576212
40285
118287
768765
379008
50721
778697
364513
253383
453022
151745
294404
131376
793299
413565
45484
118445
696641
776110
871192
537985
54599
36208
376721
880520
11255
132548
195553
360303
633081
558981
771891
607199
29024
545875
409038
486609
994955
536612
367790
234589
961926
311505
258466
17655
964000
253258
605405
855226
398134
379877
38491
171994
363602
967678
741855
207866
964844
19796
152849
340083
122222
122239
390987
488167
781893
295570
979132
698289
984455
889979
380750
431871
170108
652843
525677
579581
896139
359348
437353
659385
212131
490467
338009
672084
420828
246335
281771
400382
166072
120934
611913
178796
52719
741119
839011
98368
742265
757387
172807
504388
473536
148230
22365
632632
883099
591930
430136
476992
783064
852016
60654
121096
237674
246767
273083
839126
305984
31300
72784
16458
944522
927129
317169
132490
960208
607576
776531
799048
332836
231309
725281
573582
482825
189091
503376
203950
709800
728792
997985
7118
177509
537613
947320
914805
391072
358705
703832
827290
411311
5443
662084
489827
811782
168253
87259
159344
607390
550446
53918
229156
713503
500052
603100
210734
87925
675228
486783
988725
819851
431599
172134
21038
30019
431566
326878
602552
160248
640982
83437
983208
452668
493006
119117
126409
683189
966349
4534
116242
269209
662907
274243
565328
797422
355612
527279
979339
88493
266643
35513
396144
174123
469795
533139
692929
344287
792320
334872
934352
723814
657341
584180
81219
105664
345537
477701
372815
978980
38858
514771
451256
959507
578807
130397
303871
742691
638319
921506
154857
809641
231005
675123
680304
36938
158792
96355
409048
861745
741813
487662
437300
30869
696120
673260
306747
52811
720157
742918
446920
292877
210433
496736
556747
85563
717141
4541
767030
742712
472264
502838
88649
249825
284423
996963
543236
320809
233523
790539
211394
748951
7116
387466
88795
581187
329498
319967
951766
413245
328120
449905
13117
380947
228613
623414
183572
517615
446661
369656
849708
488459
158866
609061
712523
143047
707009
860038
656261
248981
417839
678710
307206
574594
525954
78528
265413
614231
669562
112344
678392
120619
591681
627318
171338
135689
873058
953879
986930
879571
890600
953969
828169
620093
421625
872700
99805
477586
126291
860028
813290
209014
145811
43079
206177
479141
672820
983031
411800
365789
485793
150687
940157
362847
416693
694481
121267
317134
470307
769398
442701
520765
101254
161196
928356
9651
286146
296330
761997
483244
419052
313913
614466
507375
290766
252689
233447
579354
423675
80498
658538
713243
227483
274784
18761
234340
301718
537321
618366
122949
301347
354594
442542
880065
303902
265061
404475
937967
803365
80946
512920
831903
217679
558978
506529
877513
731791
481742
968859
974653
153371
153901
374498
135876
357068
897869
483107
781940
552536
635768
645443
279014
517245
710490
516349
132592
643453
565495
759481
230935
300800
664690
435278
870348
595577
418726
968106
759939
994662
87364
596225
361648
837431
62536
413554
126696
734841
585198
521860
788070
185389
717254
430270
768458
298142
457618
808531
270392
156960
225013
385646
888880
294159
131846
903583
811475
307768
34473
908705
244196
237656
42737
708856
887648
737977
274376
495823
659393
367574
735175
583173
968421
32555
734392
81735
406585
319639
209482
209004
915091
964901
909676
697080
393052
608234
84550
938800
472814
856035
345536
384764
256297
123329
117926
604902
64632
1160
34245
419798
111274
695617
874133
500842
351589
786728
175874
952338
48552
774024
35801
292380
48750
880336
529114
790521
798889
206849
314760
311314
246411
428705
601138
957971
110693
810878
155284
866660
368558
690891
365797
470902
383995
105207
194881
477588
977484
149881
273689
655345
557811
245191
319502
105598
806528
928329
762837
643327
817547
981999
429164
284170
488671
482352
185520
251152
5449
309692
490153
604985
607238
401479
989126
814393
719479
878378
208237
732084
625813
886141
671772
472068
52703
373651
454259
922010
536067
851431
283512
329283
806493
838860
837119
709750
503346
401369
826868
93799
726047
271782
35512
911186
308854
964255
432212
492524
561881
124427
816769
806303
604750
416721
697615
266707
92183
320317
149356
741655
212368
162303
720552
629138
842572
364955
24608
782042
867040
928269
454413
392031
636962
905099
639752
645257
34043
277762
643979
574998
642611
940955
990787
34222
730478
367999
703063
89774
585895
841647
258234
843958
192248
474243
724337
702770
316061
851654
574620
261572
914528
380773
341130
9292
45468
529255
92844
459452
670766
690272
593805
903532
309446
703025
538763
570568
498866
915483
809540
800756
217967
256079
828171
140541
393492
464164
993053
770910
859742
536764
718675
891666
423335
108300
720731
272635
299203
641869
954030
510075
207860
637344
405683
312259
375933
41583
713545
975764
695064
331348
721407
410376
740588
660381
456227
870201
88748
968364
232130
905452
667364
290077
229593
707536
430843
73831
236470
229687
832289
593879
543812
430804
290844
863085
465989
478377
311730
258616
137249
353080
416915
209971
753019
761267
150940
348642
401640
488285
719942
292539
484841
55026
906433
468472
947791
955102
850590
993091
116499
747404
675491
58212
889350
418285
550338
965126
637171
829634
154578
72136
265802
951956
172808
366244
797769
148233
849198
842775
373417
861188
939049
395130
347433
659549
293846
665648
393830
364820
451019
717166
370611
693362
433753
872831
865121
460232
832908
715857
511072
321289
350323
290085
203938
792625
17057
787448
659613
972439
244965
637491
466788
595559
9227
56672
883959
889199
653118
712253
391009
965969
768744
775232
339781
504943
60784
889374
659354
472180
652899
62617
557799
670051
69498
448508
609074
206280
842045
939105
613335
272604
801584
91797
839676
35523
396196
547531
71538
645234
511552
189304
242336
626308
934853
55477
409333
704068
413505
408161
75720
196906
634496
445172
87416
776303
690519
309748
445971
84670
608348
340260
333704
540299
133910
51704
648554
912857
280975
499970
327130
344083
152711
21943
196217
987522
841381
662071
200879
190776
74818
256644
448526
671099
8546
657821
849770
336198
266486
677055
904106
416018
868053
129551
246320
224665
481236
313726
653868
255853
117100
696413
254423
293706
658677
495730
684482
200774
586117
495076
270335
613760
335134
934183
740646
160242
99960
602622
264255
286429
67996
799933
906903
252332
25602
429439
776115
205825
917321
434713
438589
571551
551165
979007
956383
128589
767356
557957
487335
103497
952373
157770
591168
361919
316736
397704
153770
281958
313297
512314
877624
411364
103110
163131
227489
855617
163369
897852
638258
99555
597289
206023
2787
668904
589962
415798
375738
252660
777279
109776
575362
191998
773991
236425
767312
925801
138946
386127
730975
182760
770820
422591
81707
173899
168660
614899
488005
340661
202140
60585
248013
838726
124333
675561
963520
711176
807160
413033
934105
473652
593801
923103
615485
239687
761302
611900
796968
316303
9772
606560
706376
688105
478351
991552
807016
130377
311606
672583
351694
69259
102680
624342
194510
577767
188966
719790
128358
874106
535832
782883
114041
865139
731928
995264
183680
466100
969649
496718
679060
797632
655171
836667
573210
376176
35246
957030
869337
720595
167302
588494
633338
62042
477966
194720
939515
861212
775973
492424
510532
666227
623384
381438
692176
922623
434291
636662
638930
254958
858209
779435
294037
944190
872698
214784
717155
572548
985716
692054
600577
800459
91046
785106
970181
511824
82289
15597
833145
427349
69082
725016
619946
179212
722650
621746
622907
9730
115844
954503
520902
408530
788445
97514
192765
365030
65324
915930
748615
856186
886287
873904
347507
204119
516917
424585
10284
491591
448904
232973
494242
444706
944953
543183
285198
367882
931254
508826
743114
295123
15981
217950
408299
349344
988390
567317
96767
681562
564244
798457
18188
432075
30144
70932
897644
346333
975472
383177
843141
73030
751524
512202
120537
448445
614979
472851
197932
55968
328326
290757
504274
208616
247777
488555
336100
47115
885826
638235
553532
55167
694436
546510
406687
330317
487259
603881
220503
163563
354278
298509
659505
850795
177360
10638
650317
702077
429731
149288
473117
413845
160135
230806
526314
587776
331683
864410
105818
819764
857354
994056
590128
653560
367078
905723
367258
993017
596884
756928
218019
213471
922529
28706
909891
156411
182672
408109
508467
489766
726549
222178
420007
319601
23366
497855
462877
774777
881418
806275
762110
572697
757854
907406
648644
676221
825336
999005
99749
361785
644428
322179
247089
679372
462476
841635
734448
518477
570668
624788
403429
425094
335344
386583
900250
131369
709286
775738
593659
973083
300196
165006
205568
897481
110568
463749
61366
216756
908979
853875
900047
239732
496143
627863
43674
5815
583931
164187
380707
601639
269078
836515
205697
389787
423268
667198
451804
598583
271930
741074
270340
197775
268520
169214
625592
666303
93858
455579
804098
64779
938080
645664
317589
536994
198344
273832
890942
352593
582977
650698
464037
619699
826708
247207
933045
547010
532772
800282
119092
429613
420266
264289
188365
921576
87358
723925
416060
198297
381606
137706
978510
397096
711558
142069
384384
556861
661664
915231
581356
940849
415853
253167
743912
810702
910486
349762
557467
265761
206241
528179
61415
82145
154943
401957
834393
45688
979263
575266
232676
607744
398356
237030
594000
226619
416394
171629
633439
955428
634790
917131
142773
798799
432656
19001
276546
95488
493093
171211
972659
156085
905859
436926
349867
235482
662394
509632
608104
507302
773359
573090
172404
730607
954498
803386
269081
195089
266024
989894
642365
185600
37781
71513
63558
569528
216654
456566
934503
791422
205303
965094
197493
452666
530216
339997
556188
605101
959527
432243
626664
934053
446939
731348
358419
107379
288853
809483
850624
280500
779037
51107
130570
135544
719936
482348
863402
827737
219559
14570
153550
54390
122635
986224
811493
556512
391207
301887
409303
833465
99391
992121
661781
573968
634337
398034
831480
134715
175266
435683
744675
648132
828077
843986
967498
122533
968854
824779
570405
939506
164339
366032
649879
326795
751235
161056
110084
19989
271479
868896
102893
103742
78541
160325
812256
869856
954758
333823
581872
447999
153768
595453
593106
900130
543905
868792
732103
327073
511039
937231
963257
948355
603320
510229
206754
500776
289981
22797
818551
120750
588923
444996
118524
124877
690139
796730
585517
790220
184375
885143
708577
568308
877170
967262
625073
449032
834692
794958
84906
18127
277936
322505
635062
327404
994366
545913
363564
792924
462775
430601
479957
968874
977537
953191
989080
883953
927852
386402
214114
960039
200727
272867
710628
245331
64517
900517
484340
545911
446873
934935
285781
231233
696378
389231
988498
626125
941518
42431
401756
962701
492950
945466
986931
298618
997717
303516
972041
460935
898087
903208
300005
521394
501605
903428
808610
520338
962428
844950
125632
234222
45663
442378
52820
573365
791721
617722
122961
755851
278378
938673
914716
370324
182588
488699
984265
575705
236154
320188
71156
701689
579432
214097
731589
951176
665942
523883
847856
993665
52349
581842
896526
498828
6775
1285
177615
56978
608714
655112
572605
442968
256411
397507
124026
246207
928229
480851
442610
728572
211114
807739
539373
815245
408578
920573
571918
885419
832952
933894
373574
226299
181960
59491
438365
609929
65405
746717
617981
314876
875716
817609
516866
810921
506876
444672
501448
768787
729538
117910
34862
957552
565058
515247
631470
719781
297368
324926
527252
638449
298008
517261
946311
454947
15505
266457
499517
332786
561520
312551
157410
376687
606420
556617
507397
460399
946054
238793
730949
485776
323478
44449
681049
454302
414355
15209
589794
568246
270129
898920
447784
277397
971256
57775
756038
798863
844127
912636
406280
157639
340390
882489
549475
814730
56560
573333
106748
53994
275285
646801
14791
151214
637050
203128
982938
940373
362980
912482
595343
618147
539346
223602
727551
947598
504347
845618
490558
322492
411498
236014
99546
156637
422488
810329
646633
346163
84958
622741
621163
31559
358299
218533
581889
895125
283131
624165
420510
915901
108409
760855
520063
352279
608633
726310
696309
315604
58060
676967
623969
524434
869301
784787
900782
383260
244634
838143
721575
600517
107261
892593
550576
629292
574044
677069
534702
41093
601629
568306
126475
3797
907239
378330
433298
711478
402049
221782
159565
323524
892426
798658
359968
71516
259324
166038
395866
713176
910731
320309
964922
612949
395089
126220
300368
111082
952097
192331
714800
673132
886154
226315
893918
573203
568808
448637
462846
549009
768117
646794
787449
275046
621058
84747
338271
169254
538058
929362
195048
479730
609286
263592
763479
747844
68945
162530
120750
491534
38961
489298
315637
826112
229557
811584
609354
99809
746596
590884
720733
455487
407609
524013
799987
895014
101599
470574
372558
808545
23347
230957
923868
553263
831793
221153
418027
594156
563131
504045
747460
624523
531022
601945
527591
101790
159547
476688
336127
171212
108045
250924
739624
558248
139483
61911
289096
465902
305755
459380
226163
623410
873938
102758
389711
965902
982699
155663
871871
222896
703575
691086
855306
983309
359639
770870
445232
747659
825690
883361
44631
283054
10909
998512
136407
678264
770593
279179
235910
765052
897635
25119
286760
596256
987391
257290
608337
175008
836489
418932
303711
513532
293981
326786
160615
684976
887834
177619
761098
669554
563632
478478
842185
560638
776213
948385
943009
765243
966050
146836
342893
303203
461130
733513
338783
124988
526761
446802
279823
11345
240920
733588
72406
481940
860516
306560
221588
223890
594645
136797
610541
888807
833109
378572
479362
823335
7066
199637
577935
181883
86962
758641
413299
865371
746987
262636
167616
162648
849272
136455
99964
345182
641424
981807
81391
367660
558533
838019
286313
679332
781438
154868
767921
886708
563819
417543
310620
800959
396377
607691
564949
258918
670803
522788
239917
231888
478679
622065
161011
249353
132059
60832
393087
196381
162445
590154
157115
653894
455488
683971
607383
190805
424045
559859
215118
508535
949084
530937
275094
211540
206895
869553
648542
589829
25810
719311
842281
104980
268815
8676
32896
200918
225720
846737
360176
33679
581842
415301
648111
346380
553991
532148
575636
429706
823005
923684
148653
303226
522262
148376
382844
909680
968420
286477
733354
268224
509345
757928
100238
722132
857658
556922
754506
625951
65974
660775
534357
242023
97843
718522
343691
757885
531381
499238
370890
338562
665449
158853
664408
561539
415724
669770
419682
923092
26249
564510
396032
753564
816656
498334
480412
297257
158950
989930
936564
544716
86494
661389
282731
482903
478416
971726
499860
657749
617685
632103
662841
480665
398293
259212
111315
394888
88801
113564
703089
883483
396388
980017
243520
676699
496053
913891
612097
335872
392310
45367
40629
615990
529155
960701
247106
739795
575389
248160
439129
890706
666957
297125
616256
710565
27956
477467
752278
530304
248110
109700
974967
228872
651308
585989
980601
388620
211174
862473
217895
431821
864287
990147
600554
152119
994771
488438
810251
467182
270091
40240
485361
184028
287345
6151
625399
772067
131267
745644
734807
873431
598461
836428
738677
322964
84970
579895
798052
771110
272164
206482
428042
426996
44027
416206
235470
445346
87593
895135
812194
965211
884190
568323
183027
797810
407099
15342
114403
763697
601724
378946
956897
183962
417463
114119
582179
222300
565364
989858
3743
387472
680973
739830
652232
784759
407500
354974
793674
837523
865056
913266
744117
245729
908910
830057
495801
328662
910592
300627
617239
748560
916852
589285
249714
35315
687339
967178
352575
243952
271342
503089
253739
158672
453756
389549
257865
854480
821037
837181
128705
221245
959848
853133
635455
266639
166307
280149
27497
964973
477059
474957
142556
548230
512256
411649
439024
65539
253637
114810
137253
669067
464571
490593
269164
888267
699664
107850
492754
92294
866595
57722
972919
796761
167394
254304
844289
185192
102140
695019
587780
197389
959774
49753
828690
147793
847642
515413
701316
947656
900341
978324
4138
399525
770986
964664
952027
615346
866281
690882
850112
356232
556033
85500
148096
991531
951092
939916
718791
50355
857435
406461
842425
376530
828507
853828
768529
694714
742230
163512
653222
122867
333580
889073
969238
677103
938581
790318
222825
928046
535451
878721
410945
606570
773998
869930
976564
711310
802519
558304
557230
450903
934341
594687
196924
116416
877428
453926
798566
835361
381822
378004
837813
802450
373976
397296
865173
985999
90054
768702
669650
343903
805681
135304
350625
36628
355098
769148
683099
231444
936302
316617
168579
436381
823634
543021
179605
615621
377299
593661
249827
410523
982446
240405
611783
897458
105569
753152
524598
302402
78632
133352
476957
709685
748900
424423
58579
784117
182113
223006
623942
536612
389993
644069
974100
49147
144604
130436
103767
599883
973281
129215
592998
495989
404101
177391
497138
446923
498656
507112
700618
361994
700065
606751
958041
80375
465760
51494
925831
14701
99920
874608
51640
376157
120209
968144
203122
163957
712875
543999
636768
857405
342136
186987
461455
366373
705774
655925
562254
481045
699614
251881
114969
743907
825512
537808
426368
392955
790859
971583
689779
72790
888596
222075
51125
196927
797916
790336
336022
103138
651490
199889
759079
217015
736838
976564
958584
907630
445879
372025
897053
475515
881338
565187
814036
269990
619219
828539
874719
789328
409361
306145
381244
248669
789177
852580
305599
268644
561600
873290
988763
623466
787211
14631
457971
450266
738622
672363
547917
133444
691941
894934
202063
80628
349295
946841
791711
73341
54423
46868
196078
406060
821852
576731
781066
144323
789877
579544
685819
667222
289612
818387
47314
540583
318384
225165
514797
936286
682857
689
544102
120801
70607
508026
789444
629092
68672
783671
161398
383427
594894
738546
505378
664860
837861
728332
912296
378780
217173
883183
268616
514406
798146
784480
952646
386157
212512
896525
117964
312323
251814
966395
550804
124930
813223
926760
142759
363819
972968
450483
842349
157508
546171
767227
274338
9213
295662
982782
59763
717421
772380
942280
79165
883914
222019
188408
93187
131224
792021
119940
963127
590821
72205
361307
859138
536800
757921
783805
757264
411977
705575
123143
429612
427700
563740
547316
196240
464278
748860
232704
863941
649114
317583
44505
936957
368379
454001
846346
378887
177271
675210
560247
595234
147126
532642
679693
341741
293433
877733
961352
310825
8079
651593
188147
336472
266238
929513
47004
850736
742177
302103
547182
305514
310664
726309
422043
207954
894682
461590
457353
603271
297297
983521
14227
872306
906994
95758
42378
55560
760031
942038
569754
900965
505782
334674
540112
526775
393686
235279
761918
626369
554527
437510
635099
955877
631462
89565
750500
881192
931739
372531
845470
106897
596642
910520
575428
263897
108861
200203
348967
693736
161338
180594
237649
343259
753062
206775
249766
878723
55663
982873
931946
531582
758284
57165
33069
106282
199736
808373
492256
811575
750054
501801
438401
940184
871561
217609
793613
298208
37886
199418
872952
853041
183528
195935
474942
937060
789971
626798
883050
731992
43022
445165
503079
504266
896998
566274
542274
117474
388956
34745
684609
902798
556949
374115
609298
10348
76692
16843
946285
631791
251109
85692
739521
563853
528431
260551
7663
727253
685846
338566
761548
880253
893600
933394
350404
396705
14502
398230
778028
359305
428441
171620
231244
595774
703285
361430
40024
128466
966812
108174
460110
383907
724636
284496
738280
405211
151736
475050
900906
29345
810648
179360
194923
688277
641902
660878
565849
625651
167410
500015
710862
556310
921974
809807
653534
826949
369577
746455
907612
288783
29537
534312
696675
56539
317228
184450
177275
440764
229304
984314
432627
859113
440837
276884
934835
856755
915651
51335
913274
439316
695353
329751
869894
110436
94788
744466
947062
546401
819239
691070
8932
766974
961183
761399
788097
6065
391605
801914
735832
321822
464406
36136
783133
102510
956033
644714
184802
803387
694310
34299
228349
870567
904176
507963
998648
391711
438378
962533
357135
173119
174495
938787
466432
237193
363733
955138
269644
39507
67436
539595
5486
527369
394551
266117
739630
153686
118311
77307
231820
662839
717522
582422
361144
99485
681771
809668
388539
994976
309096
915221
673423
975263
164330
52002
861920
508430
333298
94601
737344
388031
645220
418820
748530
230688
889578
277527
988327
550051
185623
120435
67879
282589
401229
929580
399998
766326
447763
331618
362691
838055
274524
279939
111105
614556
629605
942136
504152
323677
82017
660778
884160
3056
731998
770649
337862
808102
43071
78585
237093
179184
377704
729763
690530
928685
333365
860900
823665
409485
297736
231865
528019
487054
771543
510146
689769
176667
500740
430390
27704
290598
110449
792291
28725
223490
829893
88721
484080
364269
727080
337606
876475
891948
409465
680846
598742
869987
946253
590030
257896
723246
40882
791022
590572
682521
160830
190119
703885
886029
426151
892551
713571
838143
645427
569955
939841
514687
934115
850324
561412
914300
6761
483996
400217
7341
281831
991232
281596
481793
704619
386666
518163
547260
319042
668964
554026
299001
802728
74523
927886
333075
826848
758472
828373
81261
157288
751686
200770
362649
210470
344685
339309
903044
702616
508931
305831
961938
766223
181046
672561
30663
973579
51743
7501
804938
128139
638681
273969
386524
679631
188268
8489
711883
18570
229884
552486
860884
577839
821502
484866
985414
424365
778915
355016
953054
104386
348820
803321
73649
730097
452376
529243
640812
672564
976362
858055
639130
198269
468585
925158
317476
431551
359169
523135
819569
146767
389114
770175
839970
845058
861763
915744
950258
399036
673883
465688
638021
667364
27441
149877
758872
629380
638367
175020
233172
89389
623900
430515
610165
832040
475075
880824
630984
770431
709996
114973
256270
149752
784514
948500
857773
267084
201942
72358
364784
319143
510244
965945
874482
318113
455902
669866
473248
879207
813944
970666
25568
636886
519949
34719
667573
788506
645180
135323
31070
240810
374643
205950
412815
186249
123091
31314
879490
755399
814380
473373
986944
881987
273218
705814
262755
878284
533045
195158
504374
924647
607735
5845
585649
480213
867511
302611
440199
382972
165290
888257
415772
932131
55568
819275
499721
633231
455758
275458
652386
357516
336242
162521
449390
18757
119585
704156
637478
752498
193713
61733
527587
359511
821782
633285
421621
147187
844095
633010
232772
331513
468453
204431
624641
123091
235978
698898
646387
916274
557939
29839
805437
158375
679678
395301
57921
481227
543471
256124
900292
134944
927308
994432
106483
236652
478572
827799
305517
125554
828792
746413
149008
510604
186925
954932
433993
411653
774616
466572
175342
662846
543047
449587
430590
831001
54596
883740
607073
537661
976469
394399
356318
799535
338869
540586
268799
245390
734755
83832
337009
602219
794625
337696
673422
449639
102625
64183
172134
220734
919046
710075
377018
418076
908909
114997
695747
127301
589232
946565
812160
239543
578702
689801
502412
382695
565841
913985
406487
796875
350036
204219
40745
957051
936135
784093
128518
825057
584187
414716
182633
875623
929954
405543
515356
288348
554046
739672
622002
526952
914814
944340
406753
506511
714485
693891
254336
422570
26680
584818
628368
453688
103062
842884
29213
694758
605153
203346
191586
398960
459499
728900
423904
393711
613446
388778
233916
831771
643257
157179
529197
192145
275394
640127
914770
808353
471102
974073
844149
714086
861972
321334
95036
664024
474965
408323
255023
552381
703472
843368
207103
734396
587893
582755
175183
521577
302455
958884
929934
79932
520517
734183
901956
77180
29544
314213
492399
325005
478426
401470
838034
961358
852948
926542
94391
259857
800539
240630
560686
621186
38114
545016
713871
512017
217418
927242
116308
903811
960906
99184
110700
313092
567817
556481
836209
76512
372588
933888
271654
38606
828484
294154
657477
739903
384470
955843
957073
165675
401987
471758
5029
302756
930203
413672
765101
245068
590828
117911
410427
333419
305365
682217
265993
34891
187596
371778
519310
555725
94663
355251
2644
883351
207914
941561
896671
167798
962964
189466
776555
19124
826857
811026
101847
757143
314421
938655
304301
728686
911456
444987
490245
467076
879584
19046
140139
128425
756068
56427
338719
838336
181363
567856
27043
75693
103562
164130
132367
235855
609838
307242
301784
401446
380408
42584
788980
556435
223646
569538
849967
35619
835456
258514
767965
928218
857159
685900
454170
680384
374294
223644
405931
438989
126116
814696
959790
775101
580403
774840
295775
998495
615592
343313
78739
751798
847979
112435
310845
637474
56540
740251
845544
904298
689550
515362
4820
723103
557743
38346
68992
954836
371980
255739
802003
486856
68283
320186
274501
483069
513803
936908
388394
986926
951067
437061
210522
684276
224832
140123
425325
492100
100833
202673
417029
608238
741169
931221
991743
446200
258134
132491
945849
981602
710557
122139
979253
225247
408638
842844
56276
993818
803096
817560
533688
823973
390126
888352
102895
278558
376438
803010
96240
136732
726563
12353
125430
79726
697791
803745
364104
972354
281594
37713
728013
375065
521588
704037
608249
130876
659094
499094
447540
390988
750989
245291
915248
287178
82579
214971
762608
837676
922269
67241
616187
675266
508076
170662
881963
182106
280299
618684
163779
239543
744611
281632
418700
458491
364622
641213
282373
460316
423828
136840
794699
857212
438798
90701
305643
268616
902441
607977
260577
674910
793723
615004
846183
65813
423869
592240
890434
594788
372925
887951
910276
486547
805419
252365
138621
663516
367127
544837
36521
4274
648005
782565
233073
213418
972111
438933
70064
961545
925772
68327
249470
174347
123955
937591
335978
980731
896712
386846
817623
118620
377840
253646
785972
617539
641661
579329
432139
112345
976871
915115
599470
638475
360696
701546
706617
684937
805051
293369
261137
180656
263473
552180
538758
372234
348367
883613
491498
948014
921748
52427
16713
220890
374595
138046
728434
562313
671442
574561
148376
497618
866533
433004
11900
629380
767421
581693
189101
322296
644034
202931
689550
858941
509131
434620
320005
539723
620812
780765
796847
589546
834169
353095
986088
671416
144714
972620
367062
155978
107615
232826
504054
284723
268544
463993
212261
340447
639298
177847
443618
646234
76833
499478
165050
236108
700163
310663
927705
313268
805197
51171
249131
229576
207654
520800
322972
815081
180340
969342
78619
708094
402642
621383
571649
145024
9606
570105
17856
967706
726428
787534
120625
399270
669333
918771
771853
729368
55439
313365
650277
738062
618169
862123
1727
57112
255126
762349
392642
990146
258147
669097
497830
348915
117321
937860
531911
655892
944926
354686
333758
797388
37760
475927
869820
169762
903036
12848
51049
864673
324178
945981
957845
53590
729768
701149
217608
154276
216869
909825
808964
519179
691763
284669
512341
847651
944358
395348
13983
822451
48401
3895
436376
195738
927633
932642
478386
147899
150504
965270
331944
357802
285874
136159
648098
848225
876144
336525
653255
16962
800404
784300
4447
156771
795083
756321
587779
395822
879133
245705
643686
593785
312474
734101
33494
403731
403428
335820
211189
693970
668683
398598
49051
949419
309475
315825
662015
516497
60014
944411
950775
310997
944309
856265
467516
653436
849163
836293
449819
111593
487067
549521
685470
982183
210050
55039
986942
817187
918075
685894
938014
621346
856503
420214
676691
945478
37734
742178
624004
909294
615697
704261
490009
449819
562475
363225
471875
45005
263227
621859
423117
186646
214750
92214
865970
521768
287304
384594
984082
681791
29118
994262
912495
802530
324138
88816
937794
717865
901852
599440
291089
64090
92918
329544
466817
64811
548623
810045
484770
115240
249777
629971
68194
682754
132806
432039
108570
435984
613236
798794
687854
370139
575121
448573
109472
753808
67853
922844
954671
239428
75788
647928
344659
289877
243284
293416
249695
235990
610627
394291
612499
69792
262769
492132
657459
219917
5563
172741
56946
826870
873992
130835
229555
251451
219598
211270
156794
357283
828515
331956
807931
289335
557860
252962
523318
729324
644930
253470
341423
486908
970226
888418
203531
786240
901000
674378
771142
103882
12430
810119
675905
810035
903836
408512
749791
826686
257133
921408
305355
471675
65714
664419
32751
818668
284622
16400
953876
77893
223165
32351
514089
533860
567785
847345
840405
970742
139524
432645
718344
347459
964152
909712
971153
139196
377537
106228
146524
915699
341937
855755
845270
111210
367249
555702
380225
408437
451934
366124
857175
336482
629238
921041
78697
798310
684720
646155
165141
305302
716552
40639
547012
919560
930507
350150
322506
223188
910617
361799
785767
615095
434016
624401
839374
899643
414609
119390
735527
132712
221658
734149
204318
756980
608081
335537
998926
286843
8164
418791
553337
783812
677805
897152
83987
456112
523793
326708
968189
224702
798393
143434
507952
570751
447711
710501
464139
582438
284884
141723
461419
516470
577095
946443
477339
755635
160390
628685
934776
573042
87817
857151
488498
78847
573616
822490
582820
997332
456456
685422
652715
817020
980789
215667
533909
181556
46163
782743
700999
75186
65943
495989
229364
220358
754762
439233
348129
883970
230028
905269
605620
197034
540407
205458
966558
357262
412067
854798
757879
457649
675188
597206
786635
677139
774910
887044
550165
125584
122388
759049
265711
393336
337193
453008
825992
566687
395269
611412
991001
222216
170961
942259
249099
633846
175334
151817
970746
121552
966951
148172
576276
443902
438372
561480
320831
973216
874416
154078
589358
236685
423103
245810
66613
711485
30236
212531
146128
77131
858972
576004
316678
810963
405253
668247
32049
858752
954516
908695
631317
81649
341726
746445
70269
202777
736681
901763
678957
631478
367565
753955
905523
416185
270158
645645
812263
22833
48490
646122
805701
443042
985509
149687
52702
379933
924558
443433
195508
124219
118905
118071
256508
465740
447152
59092
982104
136229
739027
924123
859483
881551
956424
308580
308175
925095
493005
533888
792301
84518
269932
601686
880756
610965
21799
450513
771775
600509
580450
900339
270627
704792
557093
26042
135677
429834
943098
120771
531449
523292
275312
756415
144936
473603
17579
872582
730185
253221
543265
811647
879443
4641
292620
702594
190388
120614
21295
923276
801568
179620
726374
245602
419941
54604
179103
90611
936980
456392
482892
93024
170128
163336
473231
826299
650104
859212
319067
654762
222885
919021
773754
766590
501825
18294
180001
271719
856131
216501
506411
629310
896506
248889
414848
652384
980759
734866
246447
83064
744699
505309
192419
150118
119870
251729
682186
647628
307898
389470
187512
813902
563016
706835
44654
854743
536441
769677
397695
664353
118971
808593
175818
108250
3409
291871
972638
291558
150051
721178
131240
161253
483654
668777
636411
355631
528167
684402
461117
565804
365498
347594
382929
648277
926628
811663
732383
204963
411087
840289
211298
860845
131066
274332
287128
437470
206613
556137
837278
951347
150850
782021
413791
363726
833933
508692
80604
547273
443524
691342
894942
666822
1112
881804
133572
671722
128498
691166
98877
167087
281531
415943
516448
893521
570094
17773
208624
960273
967370
148243
690455
918452
804748
977543
107017
509086
151953
405272
743928
971731
309240
216159
907970
135273
944136
961896
82946
818993
902913
708487
915052
560646
200633
162001
693213
943494
360611
125794
974497
491637
534270
132096
30600
820564
620637
742211
735953
693235
374451
932627
677318
875284
754493
966513
115024
8951
909251
362447
802090
410315
58593
197186
814611
14974
127714
509439
665305
162750
816538
192746
382303
303971
476901
350431
670659
4544
390541
302563
754215
821663
797391
641875
224928
640125
579515
295648
163761
119918
997308
491594
156971
942358
212246
428474
741850
229649
713059
827668
495249
904273
230394
90007
951461
668434
237951
318985
398826
537355
842012
761958
46255
235311
31470
438871
635906
325538
825445
681620
235817
734711
360126
930672
826153
957584
18553
143276
493719
291474
287456
469535
199231
65524
498346
241481
781812
52990
245248
106620
938939
945878
100898
409215
838328
499653
36627
665472
34149
835449
723242
219920
119038
528965
885630
98352
608260
979205
366635
438982
591448
546987
522587
81556
454938
372306
146029
779003
763592
874897
470875
444394
60384
370931
698259
3810
829847
358497
643569
800166
127454
87116
491973
689242
949139
953025
545885
780210
352945
417755
821369
550836
721568
976000
333294
389674
310875
667142
905916
585656
303764
339082
566344
513092
447291
316723
98068
164669
695564
401904
926031
946583
95456
866972
234352
278317
801474
54157
379171
748513
642647
693635
977165
489948
137071
946119
545450
197702
682647
837556
893005
962426
539796
493500
540181
163082
294146
18427
245193
953932
744149
378845
535473
910176
142778
522327
836514
962918
831046
763359
3121
120745
277813
741168
822839
3177
711183
998537
375767
711737
573487
966842
219617
778054
174859
217259
257411
640518
474712
73926
793148
293062
290286
535514
481562
258713
152019
482941
226671
64714
154776
876455
64003
154824
293518
723569
931738
102481
710983
563382
981909
228122
331625
635560
552497
785023
835738
149696
414448
383456
707076
616695
409041
466393
710835
252455
736061
270022
19667
193168
906495
562025
744348
787735
148888
542865
82797
90050
483709
479990
527378
594011
305925
437186
513743
103655
38482
622072
877702
246290
864258
444873
911832
227307
95024
249877
447191
727954
392983
962334
273747
515216
976932
300964
741553
532216
180948
495293
525159
120093
84111
732790
634202
64770
353461
446092
900465
304535
327649
516380
921309
430218
216594
651196
268093
414719
913474
233062
491326
735361
402129
869634
636214
848627
175640
217884
338979
602730
590457
631382
160109
248299
822963
859354
865974
170870
581539
764547
845313
792014
265170
410958
488368
555736
268019
995007
695992
88650
561507
641182
69571
992325
930803
661884
866000
59369
370374
905720
240815
276220
723726
598765
841300
927480
298016
316708
992564
276965
593075
625683
965800
2879
585367
415312
266378
33372
776445
953435
698230
493110
466663
539202
444062
319906
163850
239756
949864
54161
189218
996714
780874
550525
857912
945128
293999
566890
209124
95531
141318
289265
237537
392720
292658
64046
941909
283973
369219
762288
748274
261547
544932
181070
37263
575610
887346
178673
833207
245998
552524
268639
948197
674164
381239
49883
992753
522321
725393
399700
571561
946198
584728
224955
164936
218518
503764
78024
102129
753870
964014
666571
588941
569388
31471
815868
17168
544132
637399
223634
946538
77496
431744
909350
618420
3064
684256
722457
266520
133300
238100
158121
356848
589531
493784
264945
329033
312885
886421
615491
610751
956575
121742
741300
925099
834542
841808
708615
809477
551896
148813
580031
172325
257662
454694
602645
717205
790531
776740
150543
233044
422735
334919
354252
196883
267284
84211
735459
981591
26058
755363
798974
959554
584079
519911
230802
345351
471114
620247
217934
582435
986068
313655
847065
791187
978653
950636
87491
643792
448654
643815
931898
114268
969760
966185
395944
479212
528631
528131
312518
544041
739583
222737
631603
123467
117182
753209
55067
569201
626691
921262
479379
602210
180781
762640
308725
464859
105407
493013
537784
517975
472146
560898
913311
464662
365645
58386
246539
863381
365701
916434
407885
740679
690700
970553
114527
492234
342541
358664
577950
589173
255370
489861
805794
590074
774733
513251
671083
988288
582567
438055
203107
566697
897988
379711
400974
713501
2617
374862
423196
548630
116790
916875
92150
809771
453164
929716
210916
626240
522771
276190
460375
910754
406579
511232
581939
547215
188348
204076
356530
584484
296188
35966
614487
857783
919219
909725
522191
675924
322219
493801
998198
138821
792956
950552
294243
203485
615888
803072
691650
906126
669576
297459
658176
641634
906720
705103
836430
487415
431123
893871
91853
754554
844037
774606
935063
244610
500098
382222
71625
279572
257882
211466
10286
551152
631130
461696
617577
475656
786816
398583
29420
513900
697921
237954
119460
552912
712439
758625
403575
316232
29408
222415
531285
230084
423015
917445
389232
519641
315121
807469
366637
191501
455115
407546
585279
522327
643394
532483
45574
875895
944319
624803
779366
743204
337308
112347
700565
722153
421625
5808
726167
786537
354500
753756
640074
746880
102630
219832
747106
873389
845670
640208
92487
292694
7700
709048
72987
32759
61641
253749
913696
93391
246037
724504
81717
905224
723044
428105
856766
48655
976910
98743
351081
73679
815811
878698
127800
44754
905808
207003
774690
640278
805139
521669
435376
555602
873543
935966
224572
559801
148920
9061
464582
608843
509467
878522
46777
664125
715144
159949
4636
829941
208183
421986
983199
340850
831719
609708
828744
495525
968284
390832
767812
330867
894181
740713
544486
338225
138589
248294
167710
599485
333918
748655
626746
978191
960314
554495
628508
886810
962493
381654
950562
358919
878020
64157
386427
430457
154559
292149
332491
255080
642757
183795
995661
827620
755786
965995
515988
249710
140420
569599
569207
672501
766047
983769
534437
728027
707359
687874
622188
203000
997078
974082
842026
977521
998530
345912
174827
870733
433528
296496
294178
422726
830054
879461
621058
893631
177552
442093
743711
645039
708570
633875
87988
488431
783813
37721
977288
164190
921635
935758
458508
746696
688222
370973
454652
434189
695421
563047
48739
226880
524092
291892
846166
820542
253722
48260
855013
253795
649422
804928
465319
592870
953981
920006
666593
82373
998598
609587
669439
73922
704849
145329
749658
588526
354856
660908
684678
190005
522055
472056
633714
686761
863363
820604
648357
964750
542847
384854
119231
347253
233814
151868
42284
215158
167240
583785
914160
543378
962887
346666
753456
868070
439508
55432
42502
380167
3904
499229
950321
244976
430400
338031
797286
313204
688061
789993
63394
151534
352669
305244
531783
581123
930773
620103
550455
928443
256405
865326
85638
540259
807650
741400
802139
288437
952975
255169
973638
737078
355365
703827
603759
69320
489173
696332
187315
492873
10000
928208
613897
360783
406121
94680
724628
515733
112430
76682
765050
930617
979056
863649
842627
245363
853114
258284
897248
631136
329412
821693
602206
713615
928338
70773
487023
934327
693575
502595
557774
575841
277684
31114
881570
881143
792398
614597
735127
207754
64077
306301
789960
848303
606098
65393
202488
190851
851211
319676
487430
379423
863122
242973
596035
722984
401024
775830
422945
969708
245296
807127
898643
785704
910597
688605
780293
843338
2397
104926
387552
968005
714871
78999
404696
29648
338448
870053
219058
791613
805292
576988
756896
103790
482519
677288
270877
177154
62168
544868
834387
218391
309149
769598
495483
216414
792658
24681
175913
860030
221382
796011
389755
2695
766975
46400
560164
103465
153007
55703
319355
291145
936583
733225
672029
614376
660874
559551
719052
710591
816949
281328
618759
40750
938465
578539
637987
985402
795081
528638
676338
495205
585897
646048
196792
96767
139541
489524
201076
292280
452609
702491
475446
642742
963000
57417
254623
180337
733454
441149
73366
806244
892348
302561
721703
317746
583297
493834
387466
827308
707994
384081
319504
653373
106669
478616
923956
86207
614152
55159
695970
588088
948732
629275
871909
250749
775859
581951
819823
685037
773574
940749
731464
765283
815764
159575
144447
306995
353398
132411
456027
269081
679442
299049
852108
306870
919857
428478
152031
232162
635651
149783
309123
440871
254932
369122
277764
211152
182262
994252
694111
649363
744842
439284
707412
867369
655030
267555
943308
570157
671864
630710
926725
376063
995354
75443
42204
567794
558215
630504
936502
81980
842270
926230
310562
718198
950011
461009
152771
442396
143250
723051
396477
836629
787979
666385
45372
812769
945563
305366
591897
103919
924195
777512
192572
689602
165254
437588
522059
449371
489227
48764
829347
799226
495527
710550
998623
251680
164378
647787
262137
50552
90333
37938
72672
940062
791144
67224
452575
187936
823935
285012
214174
223119
161338
17641
24872
998308
146598
513927
12458
970078
136453
957728
418108
973423
585247
310504
169449
79801
245129
41973
162922
146349
114085
694514
349991
885885
896330
359978
654342
845500
623425
923605
410580
678925
637717
947527
524483
48196
576808
503644
444597
106235
590968
314600
978150
310221
34892
75454
452520
628106
924001
366533
478931
883920
959678
116192
895388
759300
755028
901567
12756
378105
500233
168767
35663
82260
989344
723119
90075
41240
106914
482933
666343
647461
823650
806307
421382
959895
420270
443869
172584
575572
270131
977918
196834
313316
71301
588709
357904
376707
331075
830422
377686
663732
581169
649722
758742
925426
434536
293010
903374
310171
351618
735267
93911
744721
645988
716688
908541
804833
565772
514567
282144
463763
329263
776962
375209
874393
14960
466626
465885
538692
91177
616986
882673
424606
103974
721994
591272
448509
16883
679158
592726
352146
80627
632774
35791
797105
437766
692716
357084
506608
557694
633643
45506
91836
351516
631865
555645
556262
571333
248115
904000
203764
239694
672633
642594
817391
165852
816331
918084
107727
871469
341163
32331
225205
714465
611032
485366
123182
663080
783065
560164
643212
742292
549545
53015
701618
249064
543474
883170
936857
916321
807117
132609
680598
800444
753512
771511
938036
39723
186563
927671
610642
330246
316562
607227
104808
378330
80268
581379
267435
771585
586768
197479
169705
173219
78077
140172
634744
311983
606993
840181
834978
915227
196206
593306
818607
555037
857178
176142
230713
466123
886231
202064
700085
974932
672871
54209
514249
63033
314424
208786
777930
581371
936866
956167
679140
413598
738
488251
378996
992820
197650
764031
814953
715304
855474
933836
128083
308960
726125
4572
808424
429658
294143
923863
293678
615799
83310
23311
540152
619944
384320
699560
272425
376857
681178
398672
99950
88199
895224
960814
143980
281061
986139
103811
439435
728556
658420
231162
291532
790224
468111
92596
940198
834001
561466
297473
791426
980734
533194
276740
203475
397555
467398
455264
619636
847083
461
67881
387572
757387
58570
965013
107683
186140
377363
721960
445451
732
934153
432058
298721
507224
696420
184335
323418
898106
72642
302911
510196
593737
933382
524229
98595
428639
717761
959296
994619
724620
675091
121541
458718
78071
886090
843859
777095
933840
709431
69037
223465
749788
912681
110357
238409
528520
477483
467746
847662
253704
906841
544695
938482
589102
8834
700126
281032
226231
279377
58771
104572
236853
996868
332615
207357
930542
505129
97383
754613
990891
689528
574107
268719
569935
667946
363634
86512
447864
190854
175768
626072
250361
929182
695621
275449
838084
239109
746694
551083
81427
126335
42273
50367
609051
148406
844522
560645
32135
93539
243627
14065
100453
558022
53103
157182
169439
251434
233697
416818
259869
374128
866285
84560
626060
695886
861049
561132
299538
70917
254169
123001
911981
110655
413057
388079
643419
268435
947640
431848
442895
66320
33560
331272
824880
202872
859126
649040
535799
787296
763410
439044
757551
956549
597807
949884
69814
706322
103751
502895
657149
717592
626174
94778
470795
77873
591588
310630
669536
840406
144601
863163
380564
759453
703658
330677
579205
384383
719948
551636
405507
855854
633165
587477
129995
961739
994198
372148
278042
444679
427854
872903
87655
701127
41660
465882
252028
35302
823051
232538
472343
199030
298003
915429
395995
832688
185909
782611
422923
634283
806638
970609
687732
35254
488072
505273
415989
976621
375959
196659
403394
399259
535349
733394
553740
804405
842465
392016
106489
335835
28678
738044
290139
186398
333138
359879
840304
909959
875321
831166
476621
429853
156974
12774
585931
998560
323502
822946
439856
387924
699973
198234
347722
742116
724439
872260
329649
846178
540392
315126
469920
990198
622538
774315
386306
994648
401349
888954
158521
218774
763286
83998
753701
297966
898032
149151
903919
78705
447721
40732
10813
630760
288056
156911
826179
280420
667682
906413
282989
550962
480457
764501
708441
307441
893807
225544
631390
78493
180859
327136
68146
914964
731163
841998
997163
312040
233291
979650
232133
960216
637379
348503
315986
639726
564921
645160
544773
476249
144792
583677
727341
43031
957314
915338
718181
37541
767993
626382
206128
371198
968556
981057
100994
41645
946500
682186
612140
812937
450536
747825
478271
655023
30067
135454
177866
686753
442464
240810
879453
596234
704068
387544
884088
792560
802790
633596
384564
847725
203240
844290
638417
892096
660626
184651
212233
654847
589754
16915
269120
837475
44007
803656
488733
676613
764856
838751
692963
29065
346613
793014
623777
372071
140308
177991
643003
250841
502713
918047
850064
139160
625605
801417
343460
33481
575455
523784
42656
397821
537665
490503
281288
722480
94193
895178
198386
489119
192995
78554
94225
461424
675212
755363
729812
375704
283801
701211
655072
539606
509852
249377
493364
337536
815490
829175
109188
761044
647749
269043
344989
423425
419589
284695
606308
313242
268963
133848
92728
649528
948931
143243
472796
237410
368532
518958
330319
922791
401546
636516
315101
711153
269789
923360
755993
546957
143037
31198
204125
816538
324777
714354
389473
587791
851356
596697
797089
419587
986461
226448
527616
677691
128121
788670
499325
421231
467754
576596
259593
296747
939042
484019
432291
239941
831324
652304
899763
533587
559660
7570
501534
964604
644303
909195
992186
874601
413011
539925
90499
741651
666975
68594
460858
357154
155138
245354
909165
5222
497246
814206
595037
253835
439040
811315
490808
594670
41860
284365
179040
356160
718543
933416
582776
310174
698989
447487
674242
190044
700306
244082
719085
527737
213001
451603
826456
698029
101345
748863
55785
83736
395315
771025
414657
678497
711776
17281
561834
806919
174323
549115
811280
799021
610685
323359
498725
467167
425903
878556
569537
768088
56870
732277
60659
345707
235391
675293
287461
7055
377368
507885
450187
773537
957709
216267
621927
419001
471225
476728
785058
564469
629842
678779
957597
760888
492919
913526
608394
510408
434439
67128
546517
824597
997052
610994
563814
143511
689890
303565
418950
102458
312028
955646
733078
230250
390467
589269
112675
466582
153577
715130
873160
564238
38656
987331
258870
752672
598243
509321
851035
510978
119293
180776
94197
936893
597632
326592
564769
913299
575624
866197
7708
153180
445964
591737
272861
109166
737956
505298
417933
863261
425201
826095
651999
940458
494175
155799
160301
271512
982457
834044
829489
240174
33636
284705
792655
355893
61781
295136
355848
996307
571269
307182
144624
110709
363808
969363
818792
908633
888991
828968
536793
58947
289948
382359
892860
252
601245
370237
870959
759323
654990
502161
407368
415129
947885
806085
908766
313821
362821
443469
105619
48948
545642
55896
945228
47519
799412
715500
33407
351220
586355
404700
723157
24547
500974
60646
585795
66677
832976
112480
3761
158476
31843
362694
292336
281737
950840
633540
683013
942629
343254
630102
928070
464504
770762
807880
233759
852265
208131
644112
67374
55538
705595
442213
131526
660570
663331
221819
602905
166705
323059
246450
936035
79168
585072
693071
832102
486897
294072
249314
444238
406216
706643
818159
47324
900009
565109
971396
605742
627418
745565
764634
432892
460479
390351
446760
67196
147502
115459
997430
420134
601308
397280
614201
433756
189739
724018
502350
819397
29851
638313
562316
251378
307821
234
69815
796407
382313
905184
376486
368358
155231
610815
960460
43133
13383
259545
172888
141010
731490
562739
162276
798782
928112
336852
641611
989065
881440
368346
885431
63181
441689
310388
815239
547622
538175
693485
381602
735013
204755
455925
29578
322798
920147
33357
276733
107517
987210
171807
794845
989244
625532
149872
194525
988458
35612
10076
347963
1026
359017
578572
715599
44887
217435
537230
37499
271625
896800
71255
318705
976694
585182
378113
898519
425598
593478
369658
291128
912426
612437
594549
704798
208448
792644
418031
872073
918891
50632
868091
780957
227688
531990
892045
420592
482301
392695
323419
717706
422619
140646
872907
981636
267683
776775
166277
545736
645149
437067
116934
29471
388740
871007
128075
988036
284138
144428
903783
220641
249569
463106
896582
694992
405654
266654
361406
697004
65060
250622
496854
450947
141282
700649
988521
325462
203946
926299
129830
14773
445656
170474
854401
768035
752870
447165
396911
887121
650673
717351
980161
578265
304733
491553
243884
468722
509553
854459
869338
704026
954911
585588
542269
217447
674564
177325
641596
496595
382385
75903
485271
925244
184659
40027
202831
876378
343978
820888
323292
459377
395541
595857
342507
490021
697318
227395
623918
14262
320199
880861
917904
426307
772934
207664
277726
879696
357047
257782
75290
978889
315545
203838
707195
961196
113571
743634
727529
341773
75419
211646
547015
2130
113248
186744
963480
140110
291546
725534
108
354317
953033
162792
733151
91922
896148
563334
381990
77646
71592
773385
755513
525371
808485
771779
730508
338240
379565
209072
808425
698921
673309
817125
195630
250512
783830
738505
560832
345070
880772
688660
85034
145465
147897
530000
872909
101445
783701
264330
355045
937204
864111
517215
802963
115636
62753
431877
477074
768140
531421
384679
91019
672441
98572
806463
198236
413323
538691
580497
157024
307949
417803
515452
226626
916350
406098
222077
939559
642517
867873
396015
873515
823663
46409
946760
148520
491138
527307
891687
27346
666911
21607
74306
439898
535300
272443
790848
643088
314845
56168
227413
760546
614742
506760
428115
313826
511340
170065
229881
116882
238538
806877
498448
273157
131574
331049
772616
481260
225338
853706
171318
929338
184456
895477
926077
589285
33131
845381
406621
877731
857141
435261
872933
308500
36248
722
39141
875236
547679
116387
433253
954309
981335
749724
898495
223719
738590
172803
962265
8617
750662
145152
980528
301532
722722
331756
632517
94391
865982
965507
658789
689562
450029
967530
582344
615790
875016
749005
751423
343262
975077
353075
883890
983727
433471
915200
62869
628235
912153
479311
746224
339542
840130
134507
918134
462634
950132
684363
425218
581329
523105
238415
631934
282096
862699
282321
775903
337104
463477
490292
582501
479768
226018
717267
826418
989008
815724
27059
210678
960254
841603
949697
199986
163676
953877
937497
819359
939418
539689
494356
137107
221812
134709
806365
761197
871867
131161
459797
522233
319509
215717
771952
963403
35801
909473
64496
823549
617768
554373
361942
35946
656585
308326
818306
612584
57134
327823
842036
709634
77742
377888
82994
665059
247912
503858
568448
259151
801893
17756
766712
160764
676101
490678
410746
540763
129671
490044
408759
296343
570433
356352
751530
155995
506289
167398
536646
331154
994447
62840
15191
96274
406681
476276
391641
412485
43416
163860
491125
232882
255598
533387
361811
390956
861767
365486
676709
941795
118269
828086
636434
231070
542395
701644
310540
705284
322469
63977
935418
463108
921171
940909
414179
281952
589905
622430
729162
944037
281254
729821
636236
639476
107806
284729
190297
800811
140850
395735
798990
860095
434849
447237
314890
450262
108793
205921
317433
477780
789379
8572
455503
437255
90710
292029
619518
200983
461252
603515
486498
679237
967809
980852
183032
873378
557813
520333
646939
479940
378847
976162
89382
34662
713289
253138
201861
380208
461179
451344
563546
593256
172043
495813
904546
860701
271199
880540
357283
878637
291672
23291
40103
428806
703267
515999
325151
916085
469289
431936
163747
793401
205787
328642
826160
605728
536912
613920
393982
542428
143313
917459
377867
717264
303430
382914
983084
397105
746201
998784
95192
822104
36909
600019
155256
513574
214820
540367
752856
333644
244135
780759
302086
942832
340608
115471
565483
278962
665775
976850
576608
697350
689511
892957
670471
50939
410622
754415
784734
534743
685003
394431
988309
930836
567067
977492
301428
950997
371632
629481
639793
362839
225537
658981
908337
554491
346112
610603
562315
19884
261620
432636
488205
485306
913872
796316
797810
573033
337403
830830
579450
616137
692143
567107
563126
839564
964181
24679
171451
650335
803350
856571
731078
248859
36126
836023
130609
525752
365319
565410
106129
665411
745099
396218
8840
189441
927825
903967
514896
605125
775875
770737
494792
768083
915329
917877
643803
751315
28385
564548
262621
783669
144092
770930
450403
960521
380187
182492
592693
781795
363480
289824
644250
49507
438420
81953
559131
774245
281305
30602
728523
858455
90211
542764
331707
369899
851330
169625
74931
610141
527789
550442
115698
296479
704181
486273
317517
257971
48447
291067
426492
494482
739753
918876
32671
872063
304564
967695
155984
983119
513705
372372
531536
332025
493735
867215
821772
451868
756877
170224
873176
352481
704237
803958
619178
283683
581452
953369
986068
38755
547806
106457
640792
942194
976689
41957
216338
376882
514287
605926
930343
193250
26287
239352
538715
191487
249384
708368
714272
846023
118084
176070
541834
334297
175967
773155
788971
503800
200040
222237
670987
87032
949312
650555
310525
113524
127163
863129
272617
229411
564076
893105
363551
445090
277314
276771
505745
742422
965937
120748
404687
722023
480258
131037
294349
755020
855973
658363
112400
622440
654852
972467
229293
32102
226925
208743
982215
97871
832480
568861
733454
378699
683899
140594
332487
435444
647762
848341
931699
831359
340260
160956
883071
60314
890049
712604
384811
21309
271227
754480
929539
213487
542599
82479
177022
878650
582586
406721
389316
116288
483950
158603
250217
867050
660135
487743
935853
443537
589875
886589
577575
373332
400151
314021
392975
102808
936971
771522
379377
368868
262784
164385
299017
14333
589123
969041
324056
597988
549108
174945
678061
925785
964099
801546
390690
485947
878942
457435
868070
337804
849730
208968
776557
349980
705934
774823
322464
833864
875187
816442
630123
987267
904203
286286
612224
795249
52104
365965
451307
46806
432442
531408
756700
920942
864301
284226
189928
698453
142372
259765
929563
962602
429199
733468
247049
650322
910732
714777
766769
605296
842129
241107
303422
264243
514749
384746
652443
83118
542665
704478
712970
544996
456928
91267
205737
398930
299149
122900
617744
116428
258507
83250
7550
366788
237254
270327
326450
394949
211888
271918
10674
529916
212887
300812
530177
645250
449729
415783
178221
520354
676433
732006
417786
263441
165654
109392
443030
715736
534369
230151
401810
464875
214039
922672
946382
944808
171433
979071
446575
444038
568241
902185
487134
813247
195372
998095
297445
920659
298450
477040
518994
188959
230672
178091
709195
568486
394486
437279
541517
267671
87472
48012
69833
989317
703658
629671
571036
352023
772884
921443
833176
909390
681750
620154
782123
946678
768292
302415
613739
582615
911551
978846
136393
927238
72863
922258
922428
294285
871610
282889
75161
469608
997492
579130
39357
647724
878679
204555
801034
27872
311038
582232
206563
297532
506108
759788
154986
989094
608698
411071
903920
873787
327616
437050
725801
178491
223375
918244
797416
776943
593266
969349
743835
941362
998632
330259
189056
530383
886078
721767
298266
665689
36295
836676
169000
887310
774430
284986
281425
999658
636667
681240
237153
340490
122614
699844
906290
864982
69423
222771
792950
495171
197255
411566
637130
859741
547619
404037
525736
257733
748201
530009
94529
619076
971451
439045
618284
888697
272986
704777
918824
519389
312889
870020
832375
271940
298465
943495
911828
387199
31580
746999
70807
457420
482216
702374
574121
2160
832567
623423
521111
629273
126739
571077
918458
28070
497889
766623
204066
512573
850265
826258
505364
346717
584463
806902
498489
306726
709920
860078
179817
236330
798720
656862
870584
263534
87127
304233
911102
484388
791134
569394
747267
661168
707109
866895
746964
196926
404740
587569
416185
90011
758601
190430
317564
513175
118705
637473
210535
990675
548182
686772
943080
941498
39149
919715
684361
729171
907934
804102
127008
329099
248481
930510
80744
873151
112308
568618
124404
90321
546403
427490
734062
330050
167327
780928
205264
249512
87480
322909
871632
46794
62926
133298
10318
922673
508865
306161
997527
98352
220730
966866
497960
650001
701585
404870
744193
844968
374790
270679
576471
136094
624276
920230
303581
38447
571248
877399
164027
887824
563221
510550
755096
570129
383575
46531
97485
483001
682124
510891
841923
57212
366100
981983
388950
272264
804813
332667
162938
435386
843958
415724
33703
950444
193516
713643
273910
823436
693391
6918
449952
756616
191681
152133
296820
737809
826696
624231
780815
591900
841795
412456
88484
853202
402891
322452
956051
198246
844651
417711
558299
64971
29105
425406
207075
336013
862014
461335
232372
432069
767979
414094
599626
281726
379220
634011
492783
583414
87457
539011
540441
656771
817356
147730
349559
146456
898672
149495
193988
808841
184653
152324
347182
730497
481432
178120
474700
785959
176231
785368
643677
733815
789249
789281
813618
410929
438835
419596
120516
401635
899085
728493
481069
772821
11966
489897
512950
511716
51700
779184
183807
143750
762366
517371
610135
961333
476653
317710
800078
486726
208082
962866
729428
662050
989113
851048
605097
684761
774801
603236
854617
584843
474869
695407
991944
30185
150164
767461
134604
322546
295521
267232
25797
624937
139255
416376
990633
935419
64042
519309
343762
389512
958563
103392
131143
174265
745489
135750
642640
359600
130609
773024
285171
560555
98502
235168
867348
834174
287905
297275
905019
327466
96088
308316
416164
649182
137551
257953
663369
635311
585071
774060
236234
901377
630557
691993
341714
841662
862194
360928
969794
695635
287102
287919
177006
938701
40082
262368
349122
348417
251697
134095
359488
564226
224724
201783
78897
567791
792574
586652
572308
955557
202293
861109
319651
272939
950649
396374
903176
314426
194348
892171
412116
522904
602588
588826
808287
944192
920123
104809
996015
927402
977925
48319
992428
860900
84903
632529
625443
335263
305389
632314
232240
144150
780652
661426
175083
964533
565204
938653
901395
833758
375612
625484
633145
948673
567761
924665
283713
497050
583875
275787
602012
350506
866075
324691
765910
274894
628141
365569
872414
106306
252052
481355
462863
863465
779172
308760
496409
983603
787408
421853
121024
797665
902909
831458
516209
716990
483236
804952
645254
552322
462499
728646
163630
921143
350548
991960
697077
243018
174960
560856
51918
608078
475396
74858
598235
473124
30672
733036
597262
581608
209277
949806
483216
198788
247095
208413
62876
385016
351663
422508
165102
945584
525224
743420
371222
752214
259841
858196
394426
855417
147031
605436
500265
627425
858844
43507
144327
465020
206935
698431
622531
144745
985964
918437
265266
974154
982426
861687
706268
468107
363733
42752
164627
441631
904261
243501
992504
235320
726791
954335
500836
465526
877249
863193
280660
203178
58708
781860
269461
531763
734912
314809
490812
457757
963625
937549
847258
130889
900487
884115
841254
82037
332473
750425
421859
862205
326468
591658
921375
548815
768025
745309
781994
974952
77700
646938
745230
896573
635737
875957
172811
695689
467729
27793
307157
955885
251303
904874
233807
651144
798406
817950
209802
399002
950278
411778
728890
649225
281677
674979
716808
939703
820141
228150
163931
519158
25563
342009
801267
268310
848087
61155
365445
251888
790488
751762
136595
560308
83727
317435
776243
388509
432950
988706
408403
597777
808545
468164
397479
851882
280053
388233
520537
259258
375165
995529
610297
839141
513336
909060
124537
677133
764804
786823
900212
133578
460746
525031
126625
259252
419538
348951
315807
998150
879716
173327
4280
24940
501737
496305
872092
573548
88288
679040
995767
801552
507596
567787
369765
265019
750177
153556
58821
312427
344758
477555
695283
500239
668695
431967
796287
425199
824843
341519
798135
909481
472641
254609
120598
59251
747742
48853
913873
480740
69716
422845
844560
525473
404394
968149
361433
595334
431005
447618
638328
491547
597282
612239
528457
665471
29079
216982
311613
388150
21723
550414
490674
744553
688699
965442
762120
88032
845996
430676
183665
60289
607637
338781
829283
625528
31999
635325
824930
125073
278963
267826
500848
732343
666092
643253
899299
614592
183809
275360
152373
919271
914229
602690
144218
316120
153168
751607
120508
959799
169222
629840
420151
517265
127167
97815
688074
828666
889976
560360
100450
829198
395755
265521
83385
709230
727705
37288
228846
707914
704512
477649
631884
835563
35899
154833
735840
789592
83119
632662
712692
164786
991510
247930
525824
789626
360215
856170
923224
822617
116713
697041
836394
601492
557597
470201
743267
125463
554828
960940
593174
147199
798730
193332
209330
656062
82214
453771
601735
278101
120310
461389
154088
642429
341517
979586
270578
547319
11186
757246
480119
786212
991124
60895
306164
750517
164776
551106
658970
135685
60088
65687
836333
479959
547816
165498
356550
406689
207163
262505
226597
868682
894101
525749
395735
758642
253638
791524
343398
401475
641707
733724
462824
255925
419114
791781
804303
33580
285088
964330
520142
792194
749110
595756
256609
832193
295253
444964
611447
8147
219504
43303
88314
613179
218921
719684
576559
575756
370321
413091
13098
497513
570679
180952
386700
833353
219451
648152
129432
606819
126021
717222
650003
736980
102889
890775
826425
665519
394155
420650
720561
243607
491626
721347
474516
471024
478735
270319
460110
584346
428393
961592
2928
514691
368036
461416
848166
731435
205241
23092
298577
865557
36811
110678
536600
329581
321539
349742
426948
32974
100539
935333
170323
234873
988416
399001
258880
746662
236028
764164
896644
605178
554523
614628
195246
999208
807138
228267
825541
664680
150407
741939
906487
721651
330344
39907
514242
205590
440023
588537
898301
320500
206362
876067
753564
667781
611345
254107
112124
756728
756474
784738
282609
253890
532075
624257
990036
910702
856478
393572
98204
681937
276176
736538
128210
484460
439393
209767
201311
999071
685705
478553
670613
649334
395996
741235
514588
561941
231888
698277
592900
449821
274898
658169
47157
532822
468924
835259
963377
54142
675965
342604
482398
732489
773722
459962
135887
320309
595766
846009
843137
749143
529430
347011
762176
347326
719771
954943
474045
160344
295376
54883
915143
339116
253724
669635
779365
783190
159559
221682
374560
688097
63465
584684
69023
849404
405097
548064
708155
992650
687400
709380
52357
766605
284749
135574
867648
991605
428325
434265
530529
408941
136198
574316
74569
437446
878886
691676
170861
272541
346748
679033
151425
283563
132691
892080
693840
985452
827505
524584
194678
676567
494710
486952
170404
981893
305398
701653
740100
454441
898121
449803
893312
334358
815103
994873
767609
739858
440777
241141
880005
562065
11447
510432
733564
44087
242328
729
945993
937822
629996
419932
522444
457825
656495
952328
973746
952296
364711
97665
633443
277494
784396
816703
254042
278537
761811
670153
854166
762089
438171
821908
685801
372798
276478
839041
449347
192134
473248
840366
138314
216022
660704
377660
759536
812587
645839
477531
103631
336880
585962
837202
937276
344392
321741
169964
882479
363984
380124
90772
699721
63780
624223
688731
300136
290049
261958
214680
936493
767749
66582
151107
846591
427548
853076
749437
900474
168785
333153
608477
491203
122710
981727
128357
519979
335581
914264
954076
439263
990837
402053
418459
938597
952695
862675
999421
468101
500920
256594
922978
172157
261414
31166
382537
165393
432251
124860
149951
392501
185922
928647
675336
989087
563176
443748
509238
154934
813279
369003
317846
702372
637123
35057
141897
345781
356748
83462
957329
8641
576158
54951
755189
467991
708966
167074
788391
223512
903832
988957
697678
45518
843802
850796
640299
452142
365269
843945
343737
376735
698385
20450
8307
339267
873086
432528
812314
480420
12529
238480
871455
282295
703794
740173
432760
794106
455634
934818
212547
839218
257938
795628
581776
423323
788924
669819
306332
558522
932994
504053
852746
293120
4267
571255
920701
212629
784501
295299
568877
189729
746689
46905
478546
72358
419916
557967
815131
237570
966784
397750
83066
954350
888218
535349
992617
11160
25620
308191
762088
538051
14772
92892
437542
322318
576676
392992
553651
49593
928337
354252
631029
313624
357678
897020
759689
933692
113211
706943
485634
80338
668132
313538
390760
959786
266286
841502
154544
16957
344062
663683
668372
565401
773070
572707
315065
455435
468557
521439
874469
404933
344109
147134
98596
909062
635462
98862
690411
168414
513987
745556
256399
280381
358728
33582
616597
934323
594161
437656
726021
422531
656867
119606
273482
814257
750040
734543
307770
332951
297006
111914
789377
982193
806465
598488
