824503
981484
722261
86758
381677
615880
513492
407895
51547
946737
941336
195274
931763
43585
528785
873986
671191
447570
476125
632119
97737
141699
110286
82750
686476
828930
99619
12091
931336
725683
900007
899479
66320
365977
216097
321503
488028
25694
829973
816192
574604
193922
282075
17528
946320
960306
428759
740720
782056
154767
928762
592658
103284
627324
359021
731078
581958
309177
604765
890670
6232
283837
38602
297594
313423
890379
829212
949474
438497
431502
248006
414136
17051
502990
209357
615949
861005
595125
347073
878282
194164
63556
457894
916307
248462
812709
453961
202571
226241
793046
947011
953281
96301
926429
262926
537394
188091
453968
978261
726895
