326412
644851
828725
599421
648737
188737
183880
38654
778652
23899
205268
683860
770197
307030
348731
756822
947733
462131
759072
637967
788646
293410
260141
31874
557694
855153
660466
516997
653284
607584
309476
580103
160518
599456
885069
644997
485975
645705
494024
557374
31618
535719
191105
641517
547870
27698
416991
370452
917712
734810
570282
409419
540427
342251
792038
970650
221690
654300
374114
107743
271571
118258
390255
673144
107598
788426
190385
880531
523871
968473
909675
717373
589204
258326
217783
707232
25445
802444
675183
58086
700210
644875
823718
660658
243755
973968
684403
894723
944451
538253
425933
797401
622042
996672
457193
606033
769175
467431
166469
935208
492217
654882
482938
90092
981954
583730
881090
425557
278175
859992
509210
202925
384576
426163
734314
415180
786206
128938
690953
108089
316130
676818
759347
745769
476611
727066
211630
259258
190783
131543
251421
780542
330144
890689
832906
27368
222455
942898
102236
793135
970114
910619
588530
906079
663795
398388
280082
571199
578467
657534
903346
174163
142792
19578
908535
888081
67482
567815
962355
407395
833072
289194
519252
921442
757030
248547
462400
604117
139444
937618
148047
27524
500367
823657
721015
228458
961772
489565
866107
739826
344627
718674
947766
276583
332158
872246
728984
665439
236924
502266
340205
845477
863691
370921
828915
518256
692373
309423
617138
879171
637624
818220
253458
991493
976210
234731
586070
217340
295272
380269
143720
327083
86269
1780
722135
411790
750913
9209
167321
625222
757237
363206
933464
510142
876884
457497
223431
634019
521195
324432
922862
697293
791530
927394
649098
669527
835789
947866
472635
735860
135606
594981
414785
5451
375215
104943
928262
187464
936394
541152
373410
155017
200757
913909
269081
899224
246391
768731
145035
66785
151830
90590
656235
354947
446215
843077
232938
718774
221361
87122
693528
636674
828872
687293
356811
47835
501143
823914
163794
907950
943018
560301
763607
413256
398036
793898
878755
748740
458140
171982
356838
559378
978697
307803
401172
209020
163134
492474
200601
961300
901602
70009
864607
75099
89752
514769
55226
993794
431660
994223
772112
230802
650290
641773
114676
56107
78618
753953
682938
635252
853948
319407
751185
500207
81944
296095
68960
610093
184444
706357
941154
209942
826371
505065
438248
630117
868876
713011
65080
218213
288811
621590
919094
874558
651220
132473
290098
298995
316155
409658
576528
685800
221073
641775
899731
492454
236660
764912
167391
434261
320016
617572
196156
683012
367093
940741
835140
657470
749403
378918
479017
105440
453588
4427
702577
762501
625839
717901
894295
987099
836162
228358
646238
448445
205841
120240
290452
149340
571108
736111
980461
587681
637482
959688
295857
874586
66647
797373
397184
133923
645620
705088
199792
97715
888635
190600
646334
658785
482496
737515
339617
858106
340899
639209
446563
828961
749409
991729
867037
845302
585959
918550
154346
536638
859389
349085
267247
4835
34583
712706
745728
414246
172294
950804
247323
171694
424887
3217
725532
87528
871415
465731
42145
645269
957519
682024
108392
813849
79990
153792
730615
562036
865369
378977
422342
484573
201914
303736
318210
273422
136080
392315
248331
594824
38250
179750
991381
354722
973976
522306
556032
417052
766279
749898
218936
87085
899522
667647
752164
853090
260839
127919
894033
429191
56628
907309
152949
412754
993825
74386
421919
419080
886462
78439
780791
592068
521665
639833
257885
961791
653433
914430
537930
296297
418783
656954
473847
277431
252902
308703
382098
982429
662980
750803
601581
736025
176758
825390
636740
364044
394064
466797
546543
885564
77066
578983
929380
387162
137692
788587
436549
757664
32047
228539
982497
522668
385673
831349
753932
881615
623668
602264
484395
407503
251731
178783
875447
419427
893607
365892
893825
930570
513483
402191
745126
970165
592662
34967
91947
938143
668316
604394
273422
795846
992351
259199
323748
223010
470679
838352
734970
147034
879822
89818
404443
485048
610826
651719
187523
948738
488626
287532
23840
96133
835808
478832
161485
927171
892345
854579
770854
939078
80278
935369
990402
861084
389364
657084
869382
806315
304474
404901
355893
242591
550092
35386
206645
720909
320014
916489
810401
160572
771145
626403
991354
692241
476950
984645
349277
643981
38109
178611
428751
180909
779652
885512
95720
242043
776943
184164
765518
171471
85720
365387
498316
623922
833473
405956
423181
680039
988378
587048
166555
50691
789162
998621
419772
98026
177479
496063
230003
849183
186601
934649
431723
999566
604709
117205
231818
298248
301451
33592
257321
796025
998442
522889
580134
790428
3635
372750
272640
867682
403821
5876
847286
175973
928977
868240
581716
306481
19467
103965
786414
698855
865518
218780
755686
141238
169772
58024
569637
532254
894595
80041
642251
39594
251880
963255
680166
440617
984945
774465
476075
71325
373529
947239
332633
589761
563710
566615
204099
698564
96622
675175
998590
866712
537840
272574
825371
337742
180187
859856
201807
873270
500587
530178
508159
730345
107208
621774
468724
148023
396680
915263
352218
639337
850207
389927
281224
899081
114812
810597
703696
554262
334025
902098
693085
466549
509044
991267
454236
882689
665105
457991
69988
83627
907325
682528
438742
631787
59750
256932
385531
371040
414251
854289
315926
776843
376202
683278
309396
743203
355954
68059
859793
56946
503602
337814
295438
983410
695396
608873
40871
858948
295179
323635
949991
389979
801656
189375
532197
475458
602596
847197
938241
763382
97019
237576
963832
353179
603431
335869
344049
344053
65160
629660
235344
295193
772688
521760
780375
346531
178988
996101
639070
427850
772711
212091
881465
645885
770538
171013
401966
911823
507013
552412
98235
603461
82521
610690
863775
119499
167075
933945
210215
123783
132156
320274
282813
379482
826199
282924
240421
504205
744344
825411
359690
782989
625520
709116
955659
384654
175726
572978
806584
604411
261985
814495
668516
175067
38522
845097
350770
300778
179933
415718
359928
767678
73798
249794
979478
887980
754229
747932
549486
245945
36748
800004
152595
136693
578281
473310
39968
521296
740549
835578
446662
987680
793426
364326
822281
82726
9843
451772
248914
735529
146192
81122
626615
709661
819662
591869
182457
412377
774799
294805
615084
932508
800197
733796
761800
120558
557798
99109
146151
875120
158566
618170
535162
10200
907557
3013
424153
806780
225704
451651
415703
527553
358166
327938
104079
550549
117410
719158
140410
94792
521556
68782
287790
666463
299229
17985
267254
65145
273896
567366
528630
869786
913052
188713
588553
37075
939052
734292
7341
988507
107044
118308
978212
125006
821708
650958
58874
301941
805252
284048
512932
328011
777393
101534
756126
547774
245031
119235
370038
505128
47289
658904
59860
504475
857348
461504
427997
741543
435578
322084
328450
862763
335629
699630
764990
45910
695621
640852
995559
412447
820005
994574
697336
758011
910673
303505
869426
243969
846190
969780
31225
68774
859339
964042
421081
603067
987568
12946
441833
64928
428386
251260
305501
450983
309174
995615
280922
698809
832971
868396
828878
236361
27590
838466
720203
618886
819437
679445
327857
750758
101797
512153
515561
335897
263816
387387
998793
172424
773159
904066
561046
206136
798325
756092
658030
447285
476137
634969
343614
248434
525420
640765
291120
731579
7313
503296
794022
308210
318941
367809
453019
401669
502606
571870
923786
290783
503919
955321
971328
873010
783820
575818
102246
615240
825941
25868
631736
71523
628085
96346
293880
537136
495172
560275
265269
286832
527349
43445
936432
376223
550676
49991
423461
109298
619390
35024
397159
163274
23075
139044
370889
572618
827834
87342
187669
611460
159090
990853
589648
265731
367025
463544
386541
542136
481300
532991
988626
741728
894109
202492
636533
165952
697089
876744
884687
727487
33279
836639
609588
274357
936978
670778
461802
907894
202839
22745
560321
758294
652213
620363
707993
305348
171810
250925
284352
167976
724472
934635
460894
559438
334749
725185
86307
165820
610741
372086
304143
874342
220708
561718
813494
544305
514963
551486
575567
503099
697388
508744
148680
71126
7313
231150
63380
248609
531293
425411
863274
887001
173459
170922
730392
180854
492388
896104
928276
331563
137273
393648
291106
346196
319208
371475
293922
32817
940887
161450
638200
75382
594726
420927
528991
110206
748253
311655
701922
269917
997730
45154
970229
105565
592817
644903
83946
807264
276887
559773
334201
97065
631493
370529
173303
37508
989912
714067
985943
747174
483534
907629
728794
416307
54928
809190
911322
178387
462109
372092
489787
484276
244246
551454
913165
679332
320737
381302
962576
107377
444116
292983
165564
412731
141861
434538
811253
284307
863332
116881
826319
785844
339660
146539
94079
225048
336608
776357
463017
340048
826855
633438
792751
917161
706091
485950
317030
65412
806918
319922
846009
452810
839053
221983
62536
749421
303454
109682
409806
130582
130765
743448
108990
380486
184783
267784
642129
112195
399989
500961
492671
919277
956297
109345
272498
152724
607187
516529
514809
421504
100457
954070
338294
369831
373999
952484
201185
584676
513916
967867
52989
731869
901146
505775
164016
942248
320619
846661
258094
986357
210807
91795
20338
659010
889439
677861
153501
55849
546462
288382
260374
653627
752890
928085
845417
588124
285938
891278
934054
667825
644356
670045
118128
323644
431092
909099
449264
255530
354405
970594
856637
316690
200443
195616
742331
462428
957687
347717
727135
969576
797024
904446
889539
231389
947427
806096
162094
570212
547799
449360
862487
486117
707396
656116
776299
698715
627833
881396
135258
75054
980420
609178
672119
492560
755774
547626
659088
518259
980512
993716
133576
940396
790087
893229
157146
183041
104362
959992
91082
124867
100595
295448
949109
619254
691673
830410
313203
84974
779870
77345
674392
852008
144476
606099
465525
423324
726264
564451
759221
292044
716080
865319
756643
709999
723534
360921
800846
926439
419970
982936
420304
855158
320452
692333
604755
315394
803969
905627
495323
633878
766472
442326
102947
460993
551916
675810
523378
375622
718233
347443
120330
366828
589955
227029
645593
265270
119201
984855
431477
791444
618083
640595
895202
474399
570214
198508
486675
971234
348841
360250
42548
75670
287249
589750
648844
213103
622826
24303
768275
559063
91983
271608
741273
487086
296927
351222
772893
451366
437925
190421
69550
972429
596817
175504
942417
325719
175252
336145
155003
644528
794579
522346
426386
12591
864724
599138
470972
626177
604367
812794
264170
170712
469155
982900
322302
58271
370034
680824
906448
900084
796404
915253
307265
613230
865754
909122
852343
243025
456991
732810
520279
328663
504193
136417
684599
195614
918177
911516
674170
752067
667103
464687
979993
530993
680392
681240
890187
174335
225518
983374
161089
497430
947457
912919
953189
569894
141640
282129
504332
55296
8376
259190
996856
749082
454082
157155
503212
305301
280604
540673
957265
864323
978129
335282
64885
838013
564227
812133
673936
634335
520007
258566
994446
557296
267247
481567
872528
905917
7393
349320
188422
621033
478690
973316
692971
947916
853912
542439
26432
146598
631023
392401
132693
107959
99170
399596
116166
109545
315414
148050
890146
17278
968548
178181
496293
723447
472607
654070
729278
472729
725982
987768
84742
211420
872568
211790
929922
994471
755333
131884
19518
692316
984843
216368
127456
339976
239256
876589
582742
12581
444006
130577
935895
574428
163487
974111
286715
371750
757370
502107
642424
656413
438753
229912
166911
949580
488726
395787
596843
535367
458289
955617
387978
862019
944261
496261
435787
18218
790582
939130
160878
973074
58553
944942
30134
806037
157679
414084
912436
353958
963743
304859
807219
649513
383563
786386
693083
631110
379117
210259
586910
365518
17549
135981
357161
181826
400970
159493
747626
157634
552719
874723
486708
387955
218342
168892
330980
1435
402946
794299
507962
351943
51249
414014
12230
498261
62958
108438
545461
152720
453271
386770
599461
143168
833251
106528
142885
485701
645100
763718
257686
147568
786221
196272
222008
683006
202492
474627
415182
747309
456508
525335
272958
173013
500141
320962
977857
136996
884301
157897
121270
900107
700320
579351
523518
830160
260172
516562
827850
650919
534972
450387
958872
803939
363083
587008
577042
425188
757146
966953
443779
340712
932940
621999
856385
575445
412647
842963
861190
258126
422095
278921
810969
536893
275574
515786
880898
880053
696768
667888
477229
151843
723174
212352
863757
826278
438615
52656
613060
254908
174240
952024
757900
722664
426501
364292
710301
732309
450323
315132
550677
498993
564164
581186
998409
226966
737514
395462
454187
910018
4580
465238
597288
214312
210945
740174
184404
753311
628749
954042
787407
408229
187232
550557
377361
961074
307086
777427
812327
978365
725088
741080
604336
240143
650020
357130
659905
310870
927493
909218
467191
56165
54250
786310
407446
459333
165948
792173
593407
40469
420683
654242
275406
95885
767187
588170
447876
993649
298621
766743
740833
915483
26276
502279
223828
646261
566480
39337
749023
247963
374053
903995
238460
49352
966265
584031
400689
916134
561496
500360
398905
86665
843546
253521
4963
433413
708802
221250
794178
318064
542599
221784
452285
421865
638636
556910
883124
592861
854231
342409
475463
395316
446514
655275
157080
518041
258367
380697
851312
477557
813975
373739
99813
294666
56414
663497
158415
145831
592505
436313
968686
715521
585695
634229
518113
789550
529403
259310
677738
807717
492196
559314
693970
472947
743711
361558
794746
945825
982121
993961
919659
652457
975035
733833
721784
972823
590982
86246
914350
838546
146464
734327
656567
389982
881116
589617
414116
604563
351421
105564
125443
258726
222144
14798
996561
530734
933748
6302
379958
342982
882456
208437
423937
959661
219059
262819
929483
544459
486790
235343
571295
472580
935233
54052
592120
463128
968832
107418
303016
3325
52218
142123
603855
369025
217149
967097
111445
971235
688127
325406
221608
823209
401585
604095
584893
785961
750322
455280
166478
627443
95639
705344
716604
7874
891959
191492
714810
429492
955934
422413
738188
203509
760534
554671
712514
394482
1027
390156
525018
789697
952841
241166
194700
972387
302503
777078
274824
34917
837072
169061
565779
982457
997860
994739
5739
310595
739795
698994
584096
683291
186771
231757
243524
911753
667036
814408
911914
300970
201928
711765
188391
125248
392598
460923
539771
704680
8307
831231
856318
210472
749134
330507
129839
386582
912349
157066
635626
748041
723879
592546
888022
144780
446393
821561
527942
632339
779785
305172
17767
633381
885121
892809
805451
305029
879042
621459
760600
202119
949866
997203
233302
564522
150182
678133
215950
696488
717561
765809
664439
628271
719542
237414
639120
469095
554286
467792
198983
358158
790069
286156
690258
223950
608323
402958
400546
902016
379857
175207
961618
564333
420262
483373
165660
625389
556795
802125
73341
672176
626039
18106
606424
123792
113830
132030
176584
516385
406054
833985
443993
830219
896296
160461
976594
212709
338281
172878
348150
322830
288701
407435
621281
305421
338264
660625
777399
219809
365713
618504
389182
978982
651233
986142
51241
508695
71605
999633
4164
205739
321351
943194
949922
711434
565226
237776
255210
66688
236565
173394
3399
606485
33478
264921
385282
519249
401484
791617
660509
937933
92707
566465
570927
810548
426275
475206
855855
110566
986670
491535
679118
758993
980526
342020
501972
764789
489457
278931
34870
651686
49652
862673
243063
214546
446144
815119
85997
512202
251247
529500
916073
610931
610825
281376
525588
335685
604551
262251
16946
573160
883827
393823
322403
614778
581258
287493
966706
749086
214213
705236
886147
432307
185541
8329
953502
948584
489372
415351
57502
320625
816436
440784
449477
77013
186879
563671
644586
220063
645562
538120
455969
478379
421376
110851
45039
287814
855849
71949
577097
921204
926981
887361
885509
910527
101207
292862
7561
609097
839270
51830
273017
798339
806847
217383
646074
955091
822571
223973
432081
298061
822911
838436
11961
425121
245403
155857
403342
822348
498124
811462
854652
435141
341620
876905
114579
213332
919688
984799
760961
255686
615121
147912
906386
22784
166396
76888
128648
216342
853643
546642
829532
547689
986391
226563
92009
69390
933001
771240
565050
611782
338172
93573
927722
242872
936303
643899
833856
892935
242827
227083
331392
918820
845902
90717
287316
309812
304996
431798
276283
601157
433365
143857
124519
997650
499956
837437
629063
628489
232587
796443
647878
722334
186357
380094
263571
787454
727734
191288
899292
719581
337896
270277
989398
120692
90154
272500
694601
406024
537196
667935
154965
922213
674558
168649
171589
850275
994033
790726
19639
743683
732632
180684
901236
258167
342329
748490
581772
366676
762615
412725
180335
155510
741798
791962
608040
144787
771034
172295
750809
163874
212283
864647
553823
895650
199964
853204
176954
785407
412610
650689
766410
517447
59867
507285
557215
496051
770721
719306
56055
867118
80389
339776
249004
352794
89522
819039
36757
814123
623467
844604
473344
424603
210767
50227
902110
611969
245287
965680
145128
67861
579829
954392
794041
673024
710757
426061
246721
814919
19094
624560
3437
247444
365456
195376
701432
847745
189416
819900
7973
391215
177766
140997
710962
597972
675498
726863
323909
561617
999074
469543
751309
562092
850513
264015
674436
312719
900688
250472
480187
484879
413184
968479
152197
495359
704616
779787
552511
911089
275444
534680
373165
561758
768714
19086
620602
985664
962778
521375
278541
448961
506520
262832
15046
104392
370396
449252
711321
346810
28237
112005
695973
38928
419507
944413
24535
634046
123796
433155
388048
654738
353109
842062
375393
160469
445441
196457
477637
490243
189719
324914
337659
611827
472021
451660
900802
990258
824837
131546
242477
935110
609937
675944
908906
632951
181915
792989
139625
804315
740730
873512
436379
201999
530672
7435
655842
820686
547161
310228
252049
26183
125497
578687
256030
734900
318149
369569
917399
522185
105188
985828
523170
712047
379446
946107
527927
472827
485779
407755
593306
921763
521091
470912
731238
46718
142714
604414
677715
578652
704087
941630
444283
163837
669136
983782
48263
211852
729134
812165
544046
431256
395337
67238
634723
86447
745418
385880
155842
104225
524479
836010
758778
422732
54411
988564
30290
465119
672246
138042
906934
289272
544802
331281
334153
287679
446855
537930
474199
135968
76009
192204
476205
787389
639038
195058
186761
90181
503967
213432
311342
78745
1981
403088
689227
687143
981779
699092
972145
917347
98181
884359
354342
457489
544047
473086
86346
236608
179188
6856
938668
211586
791347
22283
239228
74232
103346
457243
590739
381719
638823
893051
244037
826892
676523
888898
277187
231862
961884
668277
906537
930428
483808
594438
33910
986009
239122
750717
688629
667430
468910
658566
429051
808014
716991
221968
330896
532116
47854
45991
136313
983103
319229
955792
423451
682821
15653
719735
651770
692625
329470
540424
870019
531952
990668
661054
670278
185702
184901
206512
88460
140367
576391
569188
414574
83142
975966
971980
426918
871685
278916
269859
441542
39730
972223
107869
350176
77771
791233
469730
595119
565715
596823
642212
36516
889759
515083
737932
916004
728700
138816
749601
376607
360148
888547
532552
258347
433493
695277
73858
622027
50501
63543
550767
201577
221571
910013
823315
36134
708425
70614
913574
106795
566959
399789
524524
845467
823770
567728
558789
448953
573954
231017
166543
141151
888653
388077
493438
736563
338775
466084
952156
761884
772457
177399
428627
146195
658846
442626
795309
149276
987830
216755
706128
969596
35240
128719
52508
227654
947148
98936
54574
518968
893457
883993
929635
640375
304457
133254
450045
811620
351653
318288
380361
534692
301232
913066
690566
205167
961433
63092
604964
594117
609169
751043
34607
353304
137831
139756
536464
732919
588495
320670
648825
388002
631152
911865
167757
323495
747883
72875
84163
122645
214414
284329
80769
879717
772698
522120
780630
448343
504247
419468
941450
968839
313602
977498
651570
790947
251939
666269
824591
834351
325295
122326
22871
411237
135647
203699
253549
254203
853842
329070
556540
906459
761063
320917
953654
696169
873043
157584
250200
810440
898253
532597
904499
666580
816637
776783
795504
667008
543050
72343
442356
373738
265660
997588
232833
918053
72475
403199
989067
811129
111173
311623
286262
994884
894035
903955
801696
559080
596968
262467
588747
254792
882452
96420
36062
754419
349688
358474
172888
64473
745429
391201
445500
668404
590733
508734
165456
401985
102516
185604
857071
734236
540888
184486
532531
177716
17256
516120
881958
174175
241381
471588
53533
763843
362923
284732
511525
987429
541104
23250
78676
337669
949835
500855
216622
192849
16060
730100
857720
932160
364943
330375
259309
771529
535797
721416
592253
605188
598911
655283
105571
607894
810919
96260
754836
609284
891661
256973
55475
732912
449921
805930
861737
536674
777230
39972
212384
367177
797138
9530
272653
876129
671863
880526
890922
360501
719469
30828
874307
534290
739271
752144
942479
288029
174256
298218
799186
854189
404889
332681
187767
920298
176066
703909
869596
324706
495284
784255
247158
186816
463199
330111
941478
172160
49618
704222
945475
254059
248900
860617
891409
894664
633801
58547
549233
904809
886899
456914
817408
478536
14436
293848
785454
182544
29539
698773
250807
796382
395445
184679
222602
930946
589818
128099
809719
989610
228751
298187
819565
121974
990828
271879
161133
656523
899084
850037
978922
630000
843943
867878
490810
435037
134751
611909
661472
711886
75424
137085
368237
524296
406530
967774
148703
391315
375448
642860
879009
476364
113598
421695
883215
733828
538011
912013
129241
632123
495094
43438
489572
127153
437432
914982
263370
98235
544466
28210
898745
65972
333604
945028
879135
591653
199794
328096
196750
388251
856848
540166
591364
91302
364720
68488
438534
882577
605578
190116
599087
468271
934091
215842
614685
622834
889488
983628
850582
542448
597086
633325
651963
644467
412611
314129
513546
859043
677014
410225
669822
166036
482434
450906
837628
127153
573731
90027
546828
937255
65238
529840
403419
42342
674622
870294
261379
934147
602669
647288
288319
350337
489880
876956
472331
344799
312344
235816
354034
552085
393630
96726
109413
435868
765089
496401
885780
411488
478363
56377
923205
882166
760072
243039
276959
966773
522504
90208
320827
428385
74557
766935
324641
192638
668196
599577
929391
591288
564435
672601
119167
65756
707962
587019
605445
747184
929355
901589
685499
275258
315924
401881
577854
271478
428820
49186
885877
138391
868028
722762
118621
83801
508722
475011
20266
857453
463969
509500
568085
288674
337238
453616
140032
247083
282309
274543
900722
896234
100941
372317
333541
38495
30946
713735
379815
334272
969589
759169
394503
945047
797405
126445
95938
435800
988904
125361
513197
332422
111887
379125
186936
117020
611254
796759
986046
631477
500754
754463
849302
631076
595830
567819
953041
14014
367313
658942
960900
981049
464172
483169
375693
514860
947749
247603
947768
365317
677124
436067
28188
467123
692238
64390
504893
735129
740999
117941
865773
853565
508530
542241
612994
381871
374622
669600
564200
294038
817706
887882
720339
325839
958092
469123
774683
399457
259960
248133
302728
709513
554337
720376
45522
428232
367116
536266
669364
440375
741105
455263
427893
452909
872479
919430
818522
925279
906050
308652
618584
149033
517775
526148
735247
128254
515458
527820
517359
451411
10429
690497
768533
443502
1404
461296
800334
332587
100045
910240
644948
884520
595784
602172
412308
592864
975979
905601
771816
639645
138393
493349
25268
96044
998389
534676
7984
429128
663107
850497
912580
177061
772330
251057
115870
395447
399659
189720
514818
285356
206328
786073
151094
410905
184278
292676
160971
245096
220925
200165
210578
29146
358405
988743
289900
136655
653500
354194
436306
524616
349320
973675
294666
681264
515134
338904
222625
262752
158860
514474
355954
504377
264030
641224
625275
68383
144433
60954
898712
653046
358680
279757
340891
288460
872900
493570
992595
271341
819712
489428
139318
696449
795941
953100
456116
98603
519826
441096
712461
172320
530298
914684
417123
644708
172121
999735
516378
1817
150047
809561
393710
445115
996945
869252
710046
424670
769463
384853
640065
723027
927791
806302
623551
566634
830217
238858
49373
314496
713173
527757
628302
741161
188450
922917
281010
206069
464912
29558
692160
22337
382947
77715
798974
422676
670705
634101
637060
961944
160488
565565
826871
285454
792831
762422
636286
301403
661140
695059
152497
598472
144468
808948
586028
747986
695595
529683
902162
454908
644588
130094
253741
323318
152912
953589
87844
927051
818038
437826
311731
865658
486525
609204
810278
917124
438713
992159
208317
686578
432291
295310
971574
446529
139436
42198
244049
836254
466960
947532
550685
252344
274986
592813
922314
345341
341284
101894
946669
242612
357625
409589
821935
781054
386690
751727
716834
397854
330476
399306
718237
455098
152375
220334
12517
592134
483028
453104
757410
204045
718552
604265
132918
656539
34725
644098
839727
711673
458714
25606
140026
80093
161872
14991
673913
159187
35532
260299
37835
320909
793758
303617
84646
182144
510308
617641
800985
470452
244734
990967
774812
44567
535714
334608
121014
713771
703233
63569
652446
103411
940197
979725
357445
619798
649053
313304
514658
128227
493075
806587
1207
333086
848529
45353
840900
405291
141253
404347
187329
168126
935260
194212
677453
140472
488780
954267
870625
390653
471203
167168
562939
278350
385164
519790
237370
205158
883774
366106
549425
979337
924017
337701
912943
79993
805775
141827
577006
571082
692303
130651
675143
818329
985516
648346
343903
590192
891929
198700
57310
102200
528226
139451
670656
548567
481829
121968
691990
810241
244488
671911
964445
975677
525166
481852
7643
767936
959641
850249
499312
490008
56343
558356
846074
569069
793649
126503
674515
164176
33603
993573
347793
321296
7155
462581
646410
74593
743929
723863
763435
714943
258761
260815
502058
84319
986877
960654
723614
302636
223493
75147
392882
979963
107463
764697
594375
418790
54421
849060
563939
426337
525005
575392
730786
924309
890210
533226
297457
899770
623156
568600
546044
9956
748279
151085
203296
239560
431857
846929
151028
818183
987882
6540
669361
756451
8517
40489
356049
316140
41078
776763
893930
720013
849920
717377
298082
33451
815288
65631
148471
416902
776009
223973
513892
757505
707758
455074
2454
733593
928681
538691
416511
580605
914667
844750
495088
633459
91312
121724
629702
442020
1309
607465
918397
914698
148888
896336
101250
89108
83878
118298
250973
312457
974285
529873
206125
667893
636489
623335
934657
425005
244273
445023
623823
811364
74349
104105
921580
635917
974757
691787
848770
632909
502516
869003
876243
306918
491713
331423
95109
877988
675762
887212
372822
591878
863420
35132
931470
357380
592339
750551
494573
483254
265472
913913
628489
758947
619957
76391
763459
487261
125873
718683
368705
623726
75304
534625
463724
28152
215963
141844
248842
413198
383337
747573
79929
768097
917099
887370
552568
958091
620199
97957
126556
738060
374532
445150
619152
479062
334349
583011
656218
577960
360400
561436
974333
716340
823217
972216
939122
348917
308352
928420
903825
405059
124524
966397
69673
821318
394286
625531
998358
693569
938055
270423
547911
842430
391914
296526
102950
944627
747804
968581
232171
660571
671786
282997
803108
199832
539850
868783
213319
392734
602300
542854
802620
191118
937079
53532
741727
801132
552010
641073
693845
473174
666614
40200
277071
802162
161954
802262
116716
315025
964401
784311
670283
932179
843761
690682
821919
385745
526490
990481
9354
298967
572574
814599
217281
947270
938779
366598
472592
260922
238533
86734
604246
641729
286446
931416
837569
617708
665359
467578
810662
243291
50018
244320
497638
30260
995258
776764
480180
771308
939047
787351
812925
119753
686908
963583
23012
21702
443942
297308
609280
459256
991558
791705
211889
663364
78788
230172
455885
842147
952838
191317
934071
479896
391537
220704
1756
515072
124555
774706
837505
879778
190628
243372
74990
33880
586032
989534
663110
821589
381851
285131
62450
570503
555374
629646
889024
70454
622742
519554
631012
256669
828451
803
566278
777799
717362
181026
607180
604342
272233
445209
527752
471830
677860
253688
112127
629452
455012
492888
46594
600243
497691
746903
887642
634733
86956
312668
929807
107986
578128
85366
350181
472865
685846
521774
798241
324804
577019
434736
442538
700903
585445
583392
145605
952562
631694
919196
743737
860284
358549
865189
516385
25852
885407
174259
954765
144331
386807
887468
191813
874443
66959
94390
978377
416525
722282
270096
192004
741279
624530
188667
638454
602289
125480
556946
99406
982088
421056
779456
460865
83176
40406
910660
118568
751047
850321
690338
426712
894134
520203
907990
937082
985472
36376
318045
453631
890571
417519
421858
518040
244983
298421
483101
878875
746012
991425
298905
84354
541553
141709
337987
416875
934312
388708
871844
153742
835768
8295
883205
540545
239865
706542
781416
416899
812907
901985
597678
260606
378420
73583
848500
161683
568300
32945
418882
340108
881352
637471
21156
648733
489516
248250
973920
959454
665170
960125
249180
60322
269709
263511
129370
763985
460897
727117
389207
180510
85792
817297
261909
975478
577342
684525
559514
746891
515908
512661
729895
758844
879989
679190
266629
815431
326674
447898
6191
789466
175079
917916
837297
829688
710951
586486
842676
386866
797846
958850
601520
560961
765173
745601
974938
542125
751805
730027
481331
269483
603303
96848
299451
839149
906358
441364
824118
660651
855991
568912
748244
381043
13087
905434
608117
773821
17874
685645
357200
464591
660823
735288
334686
873833
641659
196898
871906
828059
915721
542518
511006
744831
290034
380158
456584
811788
278951
515632
771286
498639
760116
805067
65713
225849
192727
698427
545196
465308
447868
365382
901146
924038
528478
474778
835834
961463
5769
883003
852682
526165
334770
152277
566819
835568
663681
30913
875018
167772
794557
942620
829085
757197
44974
937705
385080
486005
186777
481220
326351
703919
763530
435856
747413
911574
897338
834631
725005
380270
803103
309984
195009
287679
486379
980955
665178
957917
876872
421431
644409
923393
384046
551956
312317
381581
882
580114
875616
994476
560713
223035
327007
713994
233997
213538
393882
197
593386
363867
129388
566663
967729
894123
547355
236669
522723
433186
213106
397785
574516
131627
974481
359108
70195
250829
172236
612102
219520
621543
340412
350871
346256
655061
211865
606205
474786
915920
678593
229269
50383
258080
49663
900526
849780
85654
629664
496938
970225
756099
666337
434687
905796
317587
620038
979044
845096
493791
280716
867501
284178
895313
435935
749143
254521
390734
525637
713455
846985
880055
54260
114932
930033
922082
496353
705876
494312
835159
737729
334922
896913
56975
190765
541460
718872
531616
100922
620823
777968
851243
508065
672078
99136
923273
306316
617252
941085
251855
301113
495191
614482
115093
42864
430323
526529
592214
890727
66672
377130
283295
306404
465850
459549
306597
814362
226564
465721
298251
401595
993149
738092
289231
993282
88376
393353
69230
885010
818339
596114
612920
632198
934257
213849
56190
248436
422346
818524
520359
201321
791575
106876
17177
63803
545408
140451
342546
1804
117286
882965
247981
475713
956852
844615
332824
552636
307652
347563
821699
870338
272475
539293
991237
734489
565649
147237
971965
352859
278173
953290
630444
517714
677164
852361
579116
877609
974073
594700
593152
601743
435496
985394
463343
138381
157272
864027
7191
27502
122380
388880
401783
993319
67681
814527
136299
325671
807996
313884
426766
385285
450598
210038
964224
537033
444460
65758
889675
705020
744450
527940
18444
761057
411635
861668
104067
339163
944935
771051
90639
650661
96170
688491
295003
802813
738141
359450
601125
929132
579265
530116
668504
835177
720570
715692
256066
169854
556299
782081
891761
236046
738895
814927
618551
530968
776899
501803
805605
322451
221878
906656
175091
177098
90546
117320
878563
873554
725872
766330
538292
581344
301515
956542
629897
405227
182270
833568
343839
320886
239166
666527
325227
327891
887672
530997
803131
757976
500624
412158
247369
319467
332667
466488
65201
463771
753711
207681
592687
527622
467717
769322
275777
923760
159492
835436
16693
582622
651125
17884
610046
473843
827151
152339
771756
920798
332634
171260
622240
366171
509031
130674
798419
308896
376698
279533
693121
398821
503162
94458
114537
674403
367359
653990
839510
951569
467010
612835
265913
602753
54870
493406
782014
826467
857733
343771
85811
833260
929725
40217
67909
939522
289647
147040
827086
198331
651500
413757
922298
836203
631703
131750
65341
428651
871845
988293
407863
698277
712413
659701
867442
918345
757418
406532
663791
633362
380053
490742
437588
151504
328426
852361
97244
929951
147534
395223
795173
66486
610506
452578
410880
573292
189078
171234
880212
317070
390405
891511
156254
487116
767362
222639
472648
121230
938227
107819
261609
798582
41258
310389
14166
885614
493285
966419
855554
559438
887012
555999
121828
452338
670001
495425
782836
433755
795629
550609
165294
306738
196287
977224
364030
822077
565964
367992
348438
986397
992914
41184
567651
480219
196518
557970
301968
842382
63618
605459
525831
402768
295661
176187
64474
844331
60081
888643
746126
715532
732157
802598
980227
865654
739151
984720
584361
272758
921328
970774
463602
715193
692489
322324
75527
212070
505219
69736
953723
893562
476852
129473
312679
972718
817832
119591
869143
124617
232602
856037
535682
765835
545870
186009
152783
729883
108577
464435
342747
130231
145215
34422
478907
993569
291051
784768
320437
681101
52291
854184
387168
517250
937577
355157
192875
446181
805181
633850
110456
166389
314729
356427
357997
680365
900126
99012
424211
985370
319924
563828
510236
945769
361466
400983
226399
933865
114292
768952
196204
531413
884484
583855
729195
444305
56073
507360
850971
482683
918668
140482
675535
182414
560831
624134
712760
475460
587214
830433
203324
871914
181884
186120
451834
214526
311806
564015
591180
752939
247378
714512
186063
932995
677634
58642
201083
248671
653966
928927
771398
106061
249826
806355
431858
592999
44069
875524
202311
445078
430828
306842
646687
556261
228607
529353
803127
670381
914027
351853
77947
863287
919726
706925
196321
24679
133286
302070
551303
47110
822982
773239
822643
296850
103719
958487
387985
479511
125619
347539
727256
478211
533174
632600
315057
230620
573244
321873
796484
361129
79801
179167
722324
685293
149875
162166
940741
238605
868157
655
839706
736258
827759
15711
945905
346698
180
773335
338519
90436
41822
962367
559541
583510
987722
772632
605065
224294
13990
355429
135855
504131
573603
264851
519449
612171
930556
80678
729308
7974
690520
829883
782763
893478
689086
295157
8960
552394
699096
508166
168310
602902
801629
667092
332916
49258
878428
711278
37912
470153
645564
850248
16647
267214
240740
604574
67684
786569
623440
651472
791110
290623
648448
139605
289969
185581
559127
201503
506905
514979
597656
822266
703181
363518
571143
524914
442003
960965
952282
514053
976532
886633
286229
150673
637681
439875
70229
117945
318234
47838
317557
418092
621748
868787
539955
341376
701017
9396
736221
653886
151365
703297
640883
281421
470159
722013
319616
846195
833536
390274
625080
478610
598565
282845
944095
259692
475449
183904
265276
436704
110507
63729
489634
21174
101744
158650
479931
155707
425203
36860
633183
493048
765475
856855
725885
611612
464385
793862
124424
533758
578969
296584
648483
980937
829479
966614
940237
324494
299047
162731
753243
689221
963978
338370
550085
59620
276232
989159
933482
696599
25862
25746
425743
18009
438250
641503
980201
647488
920406
816507
94163
944303
888796
296223
860732
990685
502313
922906
578782
410638
427500
993458
505174
594837
178602
972727
433504
928647
433828
212805
901929
239461
678812
480657
213483
643835
329500
795163
114219
765315
213516
522162
639610
99649
343158
252537
608364
881287
398083
853879
35476
550103
623968
971540
311967
324350
561515
299755
95878
485020
22627
9084
711285
347841
641534
36565
639541
809002
525181
879683
465452
139641
243088
138510
684219
700071
609655
952641
214669
468893
118413
857024
667409
65415
807759
591667
442091
323609
748327
455024
350209
535237
37214
287404
14495
86790
761447
405842
514892
897984
223517
35346
589415
357326
851680
554892
371392
727215
590306
605249
176970
238871
63690
923931
985259
283243
576983
62473
540815
833315
592587
921472
113606
663068
559980
615953
171857
828771
759218
377434
27281
864336
577098
980581
306701
849385
151998
902406
380946
494706
805517
342870
559076
223607
396121
733429
467191
405668
531760
60962
462566
112093
974967
981479
591462
242820
335359
832575
147004
402607
998052
822498
519033
545302
197700
683887
710578
131157
241874
772208
932827
415068
426325
770602
769976
64070
595415
711792
72778
163113
409270
803230
850482
624087
102928
512835
459258
436704
727258
462708
972830
172979
530860
181034
462016
496302
634684
883693
260973
889303
986308
623339
876674
797836
540022
790909
346948
2064
373649
968556
63296
808866
175086
780119
266291
533241
547587
211954
322198
638207
387945
483316
101229
68423
954319
864947
660255
163226
391501
14966
571139
70641
665221
901183
705061
208654
627632
968169
600083
625180
980973
678007
153618
576436
747684
574626
506242
716793
221248
172716
498785
129926
131522
127683
524271
601721
437718
351813
537865
564661
943330
946647
169920
529279
146437
368393
866704
530934
57972
889945
138871
932652
196471
9506
553960
728038
475915
69486
485048
628170
203196
579721
831261
444129
232567
975089
242337
58678
835338
581552
123111
948255
377118
872467
680468
490315
864719
133728
292869
620699
64496
967589
175736
744442
424576
450041
351846
586844
669722
960643
133882
497620
540544
748600
942477
832580
602128
279734
226314
411828
779364
558824
39932
782249
767949
563187
58593
385886
278159
429119
386469
742236
11077
315384
350408
658644
67979
994439
239629
718310
711644
564876
580350
380518
599053
447919
614610
981725
692869
585102
754785
211081
23911
50970
48968
191302
488238
705518
493983
790058
913750
167279
516165
26700
983946
728640
123520
292562
24166
681936
587642
137208
494308
779106
93087
99335
912272
303401
134243
933361
818773
173276
376719
94017
856132
324021
282073
718124
54330
951629
38361
668796
786219
875521
401341
662297
85481
219657
764555
862477
866102
675325
381760
56015
778861
392198
94473
171745
566447
95000
47040
158157
85445
701587
498182
422872
177609
648861
347138
851574
778418
49446
872291
161727
571397
909285
436853
968286
283340
465550
739104
796457
549718
183518
45241
434943
58344
614029
372419
283265
313041
709457
88823
986008
573987
336090
519988
330677
817118
7407
836956
946951
594636
665210
344721
599953
13586
893578
410211
354629
285498
777744
344604
878157
7965
384042
268519
365385
942814
217409
626138
497518
709333
239535
731070
638333
429708
951032
410617
724669
45137
435902
790075
985770
281578
401783
729860
374060
693625
870869
265527
460061
353048
77297
156340
741548
857826
142135
480828
51675
8572
736400
736476
963321
163658
241048
478096
334198
46565
373222
90522
201968
610905
718125
712170
40997
164035
697519
983662
370092
595770
880428
879722
277090
595969
400981
535934
131930
377328
688769
338457
944798
616087
667208
99099
937796
884174
378935
755431
974729
599793
496527
701918
911665
261186
951613
232273
816095
782137
917603
881105
142945
729330
842508
903856
349191
165703
59006
180802
990419
347998
521373
525177
418336
112687
370309
289523
272040
921447
948118
79970
429247
967166
525019
718810
545794
945336
440881
485645
344491
121940
431250
130436
984658
713949
884979
256571
261572
301128
708317
484321
176222
570289
331279
814455
474888
232279
506492
207450
326714
589829
913234
429159
447636
180286
164287
561151
835275
205638
185578
901643
663881
213470
267943
365767
622195
516294
760176
518651
274202
991124
851541
147636
32550
452824
676225
647217
813381
404898
68450
700398
692727
979018
969964
51285
278782
17844
269186
437533
931131
936690
418173
518184
982441
720235
194413
508533
85066
307896
944284
67170
111057
687854
998848
374305
97996
359072
702152
701126
399092
831944
692193
29230
727381
103344
272217
446040
957503
425440
721170
295370
334324
269798
486141
673664
231690
765054
996233
711353
619993
49299
62924
290503
226362
110121
507101
805922
471900
427929
345286
666207
339692
632477
657221
278454
199493
553498
826102
787611
416189
786331
454710
418765
462760
984157
646940
676038
652479
804318
485726
674153
947110
905610
660350
573480
458098
573760
25307
372910
863557
850855
727896
673673
380946
263964
610518
903754
630555
578267
778580
575056
454806
722501
71544
750693
488245
956502
78253
274896
690509
805412
318433
162310
650009
850193
76709
397743
266624
885590
589294
900397
830892
923528
458189
638334
983383
328680
499895
784043
201252
898608
264196
615064
75596
794880
802873
81655
404215
180946
433024
473924
274795
756608
497528
288920
923740
764335
449340
731157
779747
370100
262241
953123
36156
576115
454315
295928
152240
97010
560117
345862
677710
23906
46120
213577
373722
252326
889140
910260
201998
196374
665164
345003
457912
501139
543190
203418
396771
815891
749624
448006
606158
45696
830794
764983
416513
443812
818397
490804
840552
527549
74229
630282
661051
175899
940104
672600
486348
691346
880966
513968
622004
897400
997189
311894
132632
336933
218004
186421
399580
499939
748057
89583
228123
617261
2671
947781
663621
575966
99470
448335
229821
599176
578609
867691
974570
672694
111873
662776
907550
374928
850709
564547
488460
392614
571891
921797
377571
8363
520727
777077
114088
786658
830956
175385
399358
385275
97760
460456
10045
207370
719960
549669
946407
930803
332301
328321
137587
329162
393413
895292
3510
818323
701061
493264
815629
944955
858960
706537
916107
436936
174183
584826
516004
875729
294396
713506
932636
102323
219788
736351
129233
365308
262771
669883
479537
293410
788390
572370
239093
755866
8295
774251
286825
815125
320822
45884
864758
632223
928724
570699
556649
321593
646912
430284
474038
913449
613477
994408
534470
644532
582384
830840
258563
741535
479005
274593
426250
587773
612116
623859
514945
167993
760194
812369
763916
255246
471479
65729
600633
709807
384078
834910
317103
807125
645460
915889
916048
856790
156143
462611
600010
474208
236111
543811
107312
851369
854562
164548
936946
793758
785740
200935
409498
778251
84024
495231
417111
779664
835894
132912
405148
362130
745702
278566
250762
719807
255045
931190
788658
200035
353310
20008
390031
13730
795313
939124
538246
413923
861831
422640
225463
716696
722336
707925
788884
287719
977580
258386
468041
655300
493541
221893
307752
467975
720685
198288
471819
169761
400946
311270
637274
51991
283001
454252
11585
975573
662973
714773
640248
449458
568495
149446
382462
823378
690036
290155
60553
94145
476858
841400
949084
104305
301073
984353
248788
90754
761290
434560
227795
645526
922447
281205
802751
811074
445114
261966
710792
779
147978
447494
155696
536892
48164
658217
827061
67366
623319
461869
587406
399467
454348
128624
891291
359232
195749
222751
364233
616535
666636
234226
169302
761775
196872
324448
312539
110465
559003
370631
625467
427511
836561
229401
745252
366013
880942
348354
916170
613572
440970
729409
933892
323626
484697
938877
606394
1988
558478
851112
580362
549450
652866
180939
888178
216166
331349
18173
963036
608783
750215
265704
651610
357668
260119
747697
287922
654390
108583
118964
498941
77206
679565
192830
474528
936875
164378
220343
376122
856307
494326
865043
807105
284172
14982
346004
364161
628920
569934
349232
875017
348170
397633
539147
616174
775795
455930
321820
27236
242534
664424
454003
837660
254509
832278
990786
752753
521964
540604
495608
595994
583218
581314
218085
903913
940371
569291
460223
456951
565637
587529
516632
442584
280605
239489
855421
169517
483049
715412
937059
617298
786040
553733
477520
468111
186455
457767
719800
208910
61273
445303
754312
82013
184385
779901
461273
444939
173138
115121
101610
37915
715798
892056
371445
401721
29676
531806
815313
85346
960235
614839
315610
393568
441421
929709
50233
476142
645169
538624
36120
737536
541467
877053
798346
14828
989266
601614
380959
647028
496142
295905
118623
124652
441478
588915
617633
584526
285102
158535
559654
407123
364943
962184
378469
596701
400452
695301
161911
701791
372538
851804
493874
481187
767885
714707
363380
869414
584034
977819
921149
975861
461230
827364
675134
583835
453620
482390
571721
718098
847812
710563
70935
347887
755760
118285
630064
145791
87781
497792
690675
121344
101877
652372
764923
978577
134827
245863
570965
272654
415582
499153
514710
597064
909134
13835
260596
221506
502313
196273
721810
851581
714548
560615
124984
769607
942541
247364
357539
629114
449347
955606
450440
830614
812447
916900
402128
819379
988362
914080
134397
648783
64421
829938
990159
336031
66889
403739
637203
411380
630789
151287
822385
800816
349980
578936
736284
291343
67438
933976
614254
639359
501442
626240
27944
835109
872148
175802
258831
573443
74171
362597
718387
538803
635909
170276
102001
957023
720448
809547
364142
958778
166871
70455
861346
925037
344877
123282
401191
411960
867469
308323
856247
827482
693590
743572
901100
428099
510143
190187
255435
504506
894945
821682
6899
288743
147036
851304
329800
230953
792149
80437
106177
43476
95590
400937
917158
433632
526574
675557
925711
132641
139660
125892
927267
73135
38599
453698
967751
60315
939967
407699
708628
712122
335109
360940
773124
460121
130703
275972
551382
727068
761952
690834
27239
828476
24970
857223
813328
764448
191105
532957
348946
215201
50320
952411
333498
186224
835496
310482
957718
968442
973443
72401
130460
488520
174987
436186
562760
675921
947153
936307
166817
830046
379397
907025
851963
863575
638410
291507
560454
870252
43995
195961
83310
208527
166020
708212
552945
233704
402223
596461
119141
565308
293307
614532
149877
840976
992196
798390
5388
559882
47086
993226
249929
300913
871680
356035
110917
309507
183061
514261
923726
810208
228056
72661
470939
331155
486293
175600
163041
721963
924646
277167
203695
728021
108830
401542
49651
668545
386625
129895
192656
833774
692257
704016
495643
933278
618552
600459
10611
822926
39055
365494
213998
140230
529037
305393
78246
605381
906710
597276
3537
495647
396433
288103
490556
372439
298515
788557
645007
892288
935992
48537
739874
732885
602094
726209
35503
686531
577386
352511
363350
54663
732134
757467
303210
261778
884294
628989
589410
664210
266269
666455
948599
983064
623836
566565
344197
475609
245834
943480
214192
261637
345940
765315
373947
638226
507812
487725
550141
831274
343448
692758
561684
330486
702992
584450
792162
969992
195600
213028
815644
122440
156337
272335
639196
681973
162080
185504
93102
988443
516977
463672
915957
564918
317283
644397
354319
335089
833112
503001
187499
546621
238252
608149
252247
859440
37790
866385
250605
878125
686353
385126
413710
929059
796274
534313
150893
724257
484743
687586
698803
723435
775760
256990
873196
281600
760881
430848
952047
874496
100328
435648
439895
824669
449935
878270
799196
418516
19929
548416
598046
967771
714347
209816
982118
418209
529777
738052
122695
365698
704362
410521
109242
416495
598632
92792
713205
227164
608839
658420
245062
624264
604565
461292
850991
280483
188455
572349
267894
72217
629143
875454
391909
773916
614378
164113
493779
717989
371689
968562
668906
744090
45189
393016
5705
192889
144978
330679
119927
161949
337955
143615
271264
754461
85878
428217
930323
523571
823825
869575
307295
821672
489564
147273
529789
324812
281903
177079
634557
998067
637622
584210
271108
104725
84453
800667
237085
625319
638785
267054
997412
292958
513391
549085
184347
774357
896322
15846
723421
745280
309455
494199
705809
885115
663880
828567
155189
355126
600378
458982
415786
173362
947479
268936
463992
233373
32842
474805
856489
439792
821759
478058
495312
133688
438891
326694
323022
115774
133661
637902
282861
963705
814589
881168
268407
401480
865398
20816
138592
782299
184275
706168
791400
504201
6403
366395
245530
754290
823038
887478
818965
997003
572167
432485
653917
203276
279580
800891
10501
559052
426181
238862
746570
433240
519027
644520
553063
224152
210447
489876
882476
742466
10685
557707
683171
899647
892435
223410
878339
433245
592497
466090
654443
819532
591781
196348
823984
483358
976706
332614
296546
719328
858953
65346
166481
972297
729173
526392
317025
400936
522124
520020
240490
645795
637925
95914
835646
828815
523913
128093
279228
752726
349088
805182
359878
696302
785173
167119
377336
360119
401173
910288
678455
312451
322376
276258
561516
200748
861050
224100
307382
627322
211896
806877
360496
761975
993606
912340
495433
733804
838837
381693
402202
682088
334526
410541
286903
727189
673146
945601
468770
587204
628374
597439
988313
587553
60566
811787
118266
810874
675799
18119
206869
53478
693592
853811
190574
938668
43544
793096
454308
679660
691194
976800
372175
807938
975249
522000
167687
461579
471173
2337
813963
965202
82068
665775
280475
50396
706087
94989
218239
794902
139558
361871
754142
301436
304065
758912
499115
678387
841115
80602
791953
748112
520948
879190
613989
610962
546674
382302
240954
307747
23583
489612
160018
330296
273874
132199
864401
653772
674298
118848
573691
333220
476563
555320
256677
364224
585726
877888
86840
833421
19173
131459
292319
814599
780481
225422
835059
875078
865178
646029
878716
180880
551439
324088
985288
206147
430133
740103
577876
984655
452058
409887
136943
312850
601932
197968
195969
859121
936375
272660
359391
740133
33232
367712
796159
438890
121218
427012
302508
447341
833102
450373
183647
507297
980983
401708
41026
63608
504143
782588
477732
497850
50730
703190
128217
801441
464074
17816
28436
328068
953651
489448
108043
171997
233069
756237
600192
256441
773224
405625
139405
574780
122159
8530
770853
424784
827392
333535
951031
234135
933235
116030
504841
338840
347512
183857
433644
440424
861805
847707
488842
979229
40354
666037
590597
748109
927528
536513
615748
918110
790242
481545
574937
821756
758800
583893
840293
211426
539924
409060
560118
620038
166028
438576
259977
654344
297984
969381
525743
635893
157047
858834
613079
510473
654120
87718
801183
708849
118562
710136
986018
367176
303856
238004
98474
636502
38665
656005
690621
67979
316462
690301
284107
995479
178945
679979
868615
470256
616647
965727
853813
348483
525458
256395
980832
382147
449599
636854
352941
302809
995242
54014
438506
749797
102018
674446
769328
922005
246894
955669
678602
113217
574831
604864
178985
421844
843686
15155
877993
481810
236489
810003
705444
571639
793214
100575
511445
307134
841756
450665
500776
40843
979271
612205
602835
552230
784724
291134
618492
943330
42753
226309
629996
166910
732686
54809
257334
606886
839853
958550
681613
797161
68049
713848
881716
543722
321389
205088
418223
229207
598919
380474
866196
323074
570933
612062
196063
741870
651632
309000
430975
660271
240620
279579
686274
168486
640157
39471
578405
63529
944286
476444
990376
52525
719775
300571
895480
269323
599374
214032
259093
622397
751925
465387
914895
386510
645091
727505
555814
472823
177316
687757
62004
74649
906561
94615
692510
787933
923792
545166
822417
959056
188045
222993
882211
599989
311561
189802
431363
539268
558959
275263
692975
915934
288916
724511
825721
519928
258581
318930
257929
289272
320448
168702
269311
786083
479587
959136
600469
622780
454037
60987
579692
620115
452466
13775
275134
160138
752993
827222
846967
855755
41933
284273
383260
269784
243276
954331
844632
198270
914429
314276
991158
913242
950806
475781
964576
263393
932881
828188
211035
269840
920723
738239
314904
124561
332687
355070
770919
695468
308607
105218
552910
326830
405498
187587
397638
283014
319514
508797
6776
213750
380847
284682
690480
405786
66914
873482
67652
269893
579301
86447
856792
455188
943576
481850
415628
934179
437622
516705
348286
818979
320147
313695
322882
460867
871367
646394
408189
791364
614299
493510
966827
72747
706182
126253
86305
830640
561143
341086
731498
574177
488282
860792
933776
31994
877640
733819
620918
36424
293957
360283
974223
324593
621833
934265
53218
601489
384130
269982
10484
115853
380304
284832
529870
710400
575015
596794
148289
370661
510042
311858
346067
520610
757262
15799
248405
64922
861847
97102
101798
210110
60774
695377
489159
488849
898804
443658
596721
530695
758752
557245
808981
833089
798313
902913
429281
437932
497103
613207
979143
681047
762197
545668
164402
335804
516432
897940
935178
969571
628853
876701
868411
292084
247121
659006
989263
586171
607182
476102
592053
25674
690228
153031
629347
905114
775485
989230
928755
386648
757784
701700
373541
462641
150826
44509
306074
54993
219490
53104
194296
645292
388667
689521
562438
338097
344939
501441
473398
413993
620650
444601
486221
938199
648987
746222
936844
431532
461154
858003
491180
323748
967033
196770
936252
959068
543576
61563
632649
611985
796732
156534
550812
370035
717907
268451
476582
768259
718436
590724
539961
286802
811495
8616
312227
909128
180176
861717
335216
664211
149883
360094
325436
807920
360825
813370
179117
372926
401667
453515
437368
875348
878911
391146
264236
931954
53829
530763
234762
529368
897365
837547
739773
326554
83298
791956
65678
179419
643164
499851
718434
502733
179884
443822
652158
78805
489121
914917
762896
526899
631403
923223
602716
562963
717015
29454
24769
584845
947710
271964
157104
64166
448752
808965
309942
458980
956495
76296
654232
128862
443450
72630
208982
759191
122416
612156
560850
336831
552676
900987
798717
564542
287521
338532
47144
666891
268958
595339
782613
131409
434895
488891
769277
555300
909652
66382
39967
839570
774651
239416
490433
754334
636493
915857
547868
222821
851446
510602
406816
693779
134329
606510
912839
623065
771402
807936
574106
757210
376596
332925
361367
752120
803485
559873
195314
393654
616203
945609
339453
87051
125250
35812
724096
289141
119256
537132
832150
426542
996464
852240
438758
381840
718712
224799
343585
406498
401182
797832
942150
448052
463962
719721
795314
260743
744721
263417
493683
463253
499105
793335
631865
29698
871509
69908
966097
118595
671053
249079
194900
368084
919255
581434
84153
829200
90284
69782
709614
222322
121418
412778
331605
210459
729863
618127
8664
907610
792315
199631
609754
557259
332482
456353
439767
238849
893583
78446
844508
833495
813219
376857
505942
794373
793572
459941
955475
229829
718300
906403
182118
436926
96174
25186
687185
43058
231659
205412
392179
801540
616655
999661
498012
957890
336330
328920
593790
140221
227717
49581
642190
988808
157490
965358
468170
972431
524107
419658
877577
857072
733729
372775
280080
93022
183997
903258
491851
993392
416809
130531
940084
587119
71390
834736
312602
573913
717106
818051
651312
74923
408228
32102
370949
411668
192796
749137
881743
736153
663093
338716
929450
498804
699130
277972
267274
333840
273312
620290
538627
672772
124154
642817
704760
643976
134747
558015
941407
705780
838922
687994
570750
818970
555353
27276
747450
682461
487678
697705
243425
536377
108379
193564
365444
863592
209819
838067
521401
577032
548175
478532
944939
622230
975345
730084
199257
79388
511612
209113
459216
622774
409401
664671
542538
74705
513809
123737
446751
627505
984378
216901
659436
560941
582981
728853
905134
550434
619205
444012
233502
992712
421540
980386
853011
275302
40893
975043
211123
497988
504117
690335
668784
805809
886827
100896
490656
926673
315407
599291
419170
920211
955419
445032
338178
307575
898988
466078
393642
996629
787893
964972
720764
178309
248384
846091
519278
336870
722497
280479
288692
62691
991350
127716
682903
777559
570444
587426
356939
47141
855015
825326
857983
628321
813594
868910
965252
717517
136077
985160
340938
478427
993096
400141
677548
326150
386942
937617
401786
657488
430248
581471
651009
284037
897087
903248
94210
987725
49301
547604
146671
552197
723507
896820
16981
917628
623345
652039
232638
619859
707451
224050
592508
610651
716795
657157
946472
50450
121775
466090
924215
468283
300918
417848
840954
8738
50659
41669
124797
571841
463515
537844
961333
692408
512403
429573
14922
845843
777662
913970
963032
4021
837893
124964
767333
393175
477643
387746
196908
448204
452595
640049
564259
514236
203166
373407
377400
444416
768154
49771
982241
307193
863307
263276
611485
753904
738154
929428
832403
256841
922061
237792
343573
52625
578971
854263
550590
714348
420641
198308
843374
324185
770133
394308
477382
294862
584801
411974
59462
362845
366744
536954
336982
340408
821975
980854
321939
545534
855051
738380
270585
27730
194729
243236
500575
605853
478562
742152
315872
723656
146459
328436
707956
760780
959522
854273
252323
80344
34718
349842
619534
653256
553965
960030
806308
62727
635956
764795
406070
87455
144481
48148
903887
279042
32994
403234
448093
120177
230150
838914
258917
368077
803160
381033
563633
151291
348984
207144
584863
264573
343610
230932
863012
470507
165007
311238
311221
584256
886568
250571
388683
61245
219424
580327
522402
674981
215486
153477
43483
646706
295876
589253
353656
178340
773959
635092
732360
199482
522553
322599
212382
29986
98027
706717
341234
925910
402414
510599
948228
532628
341500
681216
878506
923056
898373
465048
908370
115865
719192
301398
616681
202334
352033
898178
915812
251845
86854
129566
354241
984888
604436
159672
263306
64947
85158
333297
95334
592185
260779
310698
499275
922777
776990
866876
363782
580700
31502
342589
531918
246371
727462
115967
222607
125375
472262
841430
10148
971640
981126
336924
856121
930459
253319
559899
783819
676162
740391
511484
933607
316999
911305
599306
679183
649914
99568
237551
399026
480527
122257
140692
119125
444700
508840
842665
992675
41083
866642
422564
779046
718514
805151
399662
134418
590357
26141
815263
768106
109318
21057
527406
928049
452586
796967
983294
88687
839744
705501
130608
747738
353838
161179
437714
933252
146646
451551
907865
735258
592431
873024
18909
664894
961008
425837
168648
857983
475621
653300
628531
556551
150253
844726
517275
948223
547265
196337
659999
525650
734853
932816
653237
682900
467491
909087
641899
16098
339389
74411
706338
499520
97334
321559
58252
447347
403858
311153
878669
825295
743324
808930
899319
584058
649586
158317
232625
692190
133302
664303
814635
204228
23995
699379
907007
209243
286299
401731
125692
824252
829351
963403
415925
207827
76367
194120
467472
242193
398488
35146
158777
360618
469965
122882
91884
303735
509931
390566
45807
79480
494398
29255
584693
295219
274773
792061
331941
815819
284149
33324
645782
992668
405856
754255
290429
86140
182777
680137
403035
644231
513325
643825
241058
783119
103957
559709
183071
193251
336589
191593
126814
402080
139309
314096
243640
616047
961056
597921
650520
857331
632824
991841
415546
6070
193968
662159
752348
127952
126360
870029
412535
787897
898443
396181
182316
885004
990853
266578
451922
327745
738097
580680
992042
179966
430508
644244
784665
857703
952006
135617
686194
419024
240359
521127
494735
395893
709310
957207
376884
385397
316620
938956
1254
183815
295991
217747
718889
718990
725201
653780
947700
181648
859580
406481
56494
576635
828951
111070
298365
382202
724823
373005
889101
533360
657725
541065
875916
172094
271886
138863
417129
384121
144792
449298
273295
950028
932299
51015
290683
817177
324372
3225
768933
597862
693012
772099
905211
105595
926972
541929
963014
466198
180458
771786
104593
690005
925321
706192
469842
669394
54515
283880
18719
26543
988857
412801
275020
892933
939690
411205
710430
784634
848694
732756
969474
430713
11611
583905
107034
923325
965594
398040
296674
866988
990532
22973
912344
182379
625424
959945
376812
505216
78528
374969
623073
911879
492366
156921
778134
413137
170228
377675
126017
517308
494996
680894
614514
712334
347074
258560
412559
763164
570515
354609
838517
503430
60241
971004
918909
147510
271735
26087
288138
204580
465256
651429
109192
327386
130510
160544
811897
957971
536130
608198
691984
369417
509750
817112
536712
2661
91871
390343
515100
681856
966382
25905
294676
754501
944215
488039
341124
973336
837814
496741
224918
782417
182055
541956
169243
623031
104671
952733
877514
691658
15505
82736
9856
568885
202515
320292
339035
217630
673746
803760
484328
801400
795124
141362
578013
5455
152544
411323
664575
789054
41146
886980
902716
77352
370706
818887
714802
493596
898669
843490
510362
127169
615005
12382
428439
166867
947
391516
469045
994616
959333
918513
456489
985065
334527
635459
891220
114840
814431
759535
765294
954848
967448
940292
933084
415887
554907
571157
468952
27928
6716
56097
695969
478695
480308
188736
486604
558158
751603
644387
261871
960489
990198
863661
896123
693259
998973
199066
670580
239015
473602
546552
278906
432656
509737
725223
816995
223405
335163
287142
419772
989433
423461
342327
506760
967310
503009
217270
825352
434845
918760
242085
285413
374429
711973
555533
85381
376288
828873
781916
891168
959039
645838
890201
5755
418709
858551
607862
923103
648775
981730
365009
586131
79604
233961
332506
509939
243053
674271
659073
16656
958616
414610
435021
126043
966772
990905
554767
894722
334925
850313
647233
762036
112159
797740
885356
212421
830733
167570
1291
690011
569961
200236
852630
25677
403305
54108
942529
566048
740369
742773
719027
154466
546711
430911
914158
963007
81413
476322
837503
981239
903947
14439
513474
726629
425627
978389
176395
949894
893020
587828
871751
883894
453043
749558
471000
951844
365729
316897
834339
651531
745729
528556
228715
951019
997639
988916
352225
79072
660900
628711
6723
597109
915235
447081
31438
588504
570436
800128
705827
821584
157438
594316
797617
837642
501459
56039
803848
896651
289085
959299
55695
593870
482531
302517
705117
91514
615204
571191
547227
496971
571075
436810
675865
548509
136209
751666
703559
225808
294422
269448
788125
223040
154572
851500
835455
754972
392649
756263
813948
660565
706922
894638
333876
185659
104396
358743
683141
651833
533402
475702
794230
680450
733148
244264
405225
990783
616778
854566
980283
589910
599451
616249
257248
368299
425545
370044
366654
231688
925874
248318
159203
274578
13766
859928
235455
30042
578172
795234
415810
217823
960809
954342
984942
603533
103888
665099
362605
337965
374884
295704
969704
540915
682131
205172
286992
645437
536747
597816
345142
68419
677706
516913
733791
604665
783687
214446
695444
232623
394644
27627
978456
776147
431966
835331
856477
14612
349148
744946
506681
718427
410716
478762
614406
705951
154080
906202
562040
811957
525018
189384
403322
368989
245264
747036
990117
666898
99280
413850
748413
870427
241530
818073
335014
525184
488207
78598
591685
699883
737577
173680
364667
782339
517633
109243
311192
547450
407193
598845
884660
528427
218599
636476
786073
314685
331645
311104
305352
1743
120462
526313
338158
91488
821954
126204
817235
595877
539709
579301
249686
291773
632061
886186
391887
409449
841339
947937
522524
495889
989400
140932
28336
180728
230219
488655
479951
77176
935522
667911
323584
609091
540456
253834
963189
521890
720294
853928
279089
101994
405118
494658
884346
744424
794288
788901
877111
671373
691346
559522
33239
271882
936981
523982
190651
861503
634024
249665
571421
49561
38732
913560
615785
951744
866150
521746
570181
449230
760232
342626
634379
476665
826059
925246
92704
450122
91728
220846
638420
895602
754322
898825
866554
28265
791234
904525
814528
485719
959442
776775
962311
574304
319801
501054
946388
852588
319881
743143
942889
113488
481528
705582
298786
956930
863758
600235
738190
505603
763112
722087
490396
742380
685218
294361
214056
663401
26089
329815
266966
590263
766213
230374
585827
26867
885351
455346
34225
907189
566022
913165
244018
416892
976911
464892
980223
917878
884655
265138
522538
309470
388464
935546
736411
112119
849147
217480
648726
943342
834240
26063
912469
611337
17171
195069
115748
863492
42481
894934
948462
430125
549048
555151
706987
947172
256614
767808
829939
105496
160861
220817
15726
683633
109337
128561
795761
365833
780847
86693
549979
839083
810601
789980
202366
255005
504473
520335
538760
436938
532016
124238
348985
631665
119220
372515
255639
360256
537032
91979
970136
780828
72393
280489
82598
373756
687817
841317
408467
910225
982807
856662
759549
240830
119547
98983
204432
366383
945667
721800
815804
86025
783985
41283
350812
68626
979545
67245
15840
791722
409162
347724
139552
576945
139701
414383
862854
336471
474221
67079
573870
54210
286902
139972
120864
527407
238195
677226
144218
820452
724368
268681
241908
2532
560830
671398
270612
934820
132521
812376
531845
329721
404960
585956
927097
527736
173344
132923
72081
735368
689843
916720
195996
95384
152063
919819
1289
563133
733583
972832
603334
981381
385624
284005
778859
801623
527264
853603
409348
70211
845728
391515
872814
231436
570801
971579
381
648826
861339
906607
553955
277537
281400
98138
384474
772540
586447
527512
884453
758180
632203
603764
111754
245691
814062
298447
944747
684182
608677
883903
100468
73058
671123
453045
581479
871586
822332
881990
316334
844554
16000
540646
846915
381329
174744
229649
142883
496707
374896
200364
647313
688741
252031
762948
306063
600892
418942
512867
256390
420262
282112
898511
935459
187770
222632
304734
727305
538968
476549
713241
802361
354434
801566
656951
329105
335196
777190
865117
243955
46256
517269
163939
733192
492763
79453
243610
195161
216761
426295
167861
754312
553192
774849
117798
403749
336285
176996
713032
70962
65909
442210
816986
600778
661453
596863
217003
81665
643158
32331
971532
115993
337699
933936
586015
109301
672089
318656
682543
596581
333449
7787
512188
666552
450674
840921
871850
791602
628441
930496
396732
19758
644900
45565
780249
695585
602230
843589
968249
560275
189030
940696
838597
44227
125440
965322
188082
594641
811028
608372
696194
13825
928720
410767
75028
148304
546757
151788
623888
228065
229517
249029
234480
913837
843933
932126
777846
830351
884923
851742
44428
229984
842035
614026
234146
241017
550684
1553
175727
953606
178830
994613
134111
393740
759122
993004
173987
843082
494834
20488
964708
52476
487622
947352
86809
877806
902975
977937
278573
447951
258399
912558
580883
882108
520291
229935
758455
429599
497570
201543
245815
603754
288249
359285
586379
629302
99042
230286
617709
717266
360236
469229
334030
763791
584068
230239
536523
248071
726908
134324
359216
748794
786340
65011
672874
676657
256856
237137
113232
883284
477741
742917
320413
507468
7763
350010
557126
739068
578934
214742
176372
983480
445605
333692
186916
867793
828885
853238
218118
163337
140644
744336
455747
927854
218503
428969
788397
381380
947339
377986
59865
651031
610842
922380
689611
875384
88070
972207
471381
944651
708856
560896
87946
89115
265761
194632
811504
76291
243478
103933
771844
43666
671750
975825
784153
241990
604280
740575
587467
667474
20618
96480
947780
61065
198332
754079
553977
168496
356164
861417
235026
126224
555755
858745
152476
968466
939096
57248
945531
890945
343390
595024
229618
351842
767983
366837
161202
572332
454952
62668
242542
773070
173758
236334
711270
768087
101691
993185
140075
598519
384953
547482
914166
72318
430764
177394
583412
273672
65383
254616
595021
878563
538422
178459
525618
180234
367052
992259
206418
267375
689756
558818
945392
515241
408615
918929
300107
626266
535618
190097
71733
259715
185394
241191
228207
57879
165274
628121
401957
751074
159255
94890
506210
176983
912122
806527
28271
417177
100549
695593
209562
683363
637729
349363
190604
459417
49527
526120
85533
267694
183336
761473
612517
970358
482797
364745
970196
626198
879152
680142
33130
292385
51848
696844
612380
72832
454910
434112
264781
617087
923653
783820
749970
376530
315634
720144
357973
454113
458681
301615
952344
733757
30202
326082
682479
704787
303263
145133
133706
201914
208759
600716
896182
49859
408146
294788
23837
808428
48858
688169
20168
817261
8444
640536
327548
258372
742172
209109
186323
627732
344560
748903
854092
600549
526417
631161
448250
885540
27953
620757
314039
702573
295762
775307
507228
706374
417134
365203
181555
17619
970168
861193
367853
969506
714894
222759
21348
638643
129097
347324
273449
144422
844547
670210
120976
935286
638411
554120
621190
779568
183221
715852
110881
159260
622738
775315
399613
150264
496132
843104
663661
97302
716287
770946
683974
460715
605299
796958
167960
355489
835409
950535
45594
202913
808169
161143
524202
143393
828534
28596
870115
866444
44548
280622
944570
790925
625251
606003
705963
329256
682823
809240
348193
226355
693031
633383
310345
216513
171632
396801
701804
560705
726940
605982
849450
611306
257970
72386
887722
468291
280307
269218
16359
954301
137279
672141
174547
610082
87142
279943
303394
122762
832214
158943
826919
989563
641144
862610
669934
877213
530547
571425
877587
523339
622649
771226
491072
829051
264522
468740
466748
841642
72202
119223
284156
702427
