821241
128816
980630
248393
395103
235909
230395
780144
567507
203768
266991
243768
698119
335901
946192
265712
5166
460280
201885
766286
155890
965354
495073
788536
127399
578145
320062
281105
236257
428049
865881
916037
438485
690951
49331
774993
875664
726910
357356
338982
540536
641085
753385
924475
734678
787399
507294
621287
421199
945437
673895
866428
754503
539987
117222
596758
197094
526303
625459
728305
418164
292879
510985
257967
652463
43817
184053
439592
34792
14994
950931
264380
333713
7692
199033
744046
993220
220473
584558
786545
412439
208625
301372
241015
369288
427710
565890
272081
563573
568893
603493
91825
166096
261417
951500
778897
200757
845868
877459
536126
349891
501592
729109
336755
323527
714105
72065
447135
725623
400826
884857
3335
62664
742569
318920
997741
867662
369016
673781
632301
891300
269387
820019
685261
778459
190150
849062
803000
959869
904032
288298
646605
311281
645423
963828
685287
490104
536684
12486
513763
63143
888448
190483
426986
289122
901748
773195
11453
747423
16352
840838
531490
51845
162966
41786
972247
748311
990764
791350
586574
957199
5768
2618
476908
779044
838601
378070
687883
452359
144418
813834
822600
937458
351560
206698
859673
266883
61478
646084
501724
77956
688879
823365
179686
931245
814810
621966
889151
683872
249631
296463
517779
403977
339539
485289
867891
401892
19106
108989
908287
538143
13982
314534
42819
556147
582576
981735
952458
391477
782236
611388
553619
592875
418415
126828
545431
412587
657502
985221
199620
488591
939813
717032
295910
670120
454900
602134
228813
726028
753130
725427
225216
899177
791281
972736
788557
714319
199472
747874
34622
972114
223951
7922
485971
381738
446927
411469
907870
742162
101018
550112
109490
48478
345151
353600
400671
915954
485973
761348
386399
12024
611056
871924
14817
636614
243690
132498
528918
333894
407389
662811
489034
677598
725851
58500
850018
621356
776372
643536
820843
703708
581384
976120
816830
287935
107679
430608
8171
64008
474953
116744
190479
444659
666399
693593
467643
826123
477610
861548
735019
772901
454127
622401
376661
594419
42283
469186
143618
119210
344791
811594
563527
787494
307700
209601
706387
461656
882609
216803
811264
454375
369977
724153
735105
864062
114257
899845
418835
822481
13424
910811
173519
628702
148983
4528
814815
60051
844491
831775
335711
525559
210507
124028
543667
808422
634576
427292
479241
98297
623106
156970
189586
178036
184384
49144
67399
25259
316870
190597
324498
925998
400221
349478
662385
382324
19140
802626
962755
144326
507557
444371
186216
979857
991990
477566
75711
414145
836138
913870
842563
113967
619177
531615
554685
692357
826766
250962
77503
976866
442735
552261
590451
55352
156990
754745
212561
221883
986418
616637
977712
477866
80362
11088
978733
25306
134122
447612
667724
639321
651399
797014
104455
792738
128225
546474
239367
608176
342516
915105
254568
1993
58795
160312
679122
525335
416380
178721
646148
919967
777432
50653
295848
314775
1058
97051
837656
159540
700031
669849
175056
145605
988113
39475
60359
28104
441973
119145
121888
356670
410508
974105
792475
13549
535833
425486
982066
479615
928631
255091
61027
789643
628036
845927
871588
48123
810199
866276
128240
7579
696553
516818
640212
511636
571708
219591
412435
548776
666295
154453
9411
958174
690892
660585
110831
122962
813176
845816
406346
521465
284698
287914
87743
481730
395213
900059
119126
873559
741699
219028
907534
298703
257665
597073
343337
717448
282951
398686
877677
570467
106031
157525
54365
552969
781124
690005
300255
268404
589110
589884
612686
762946
538845
82160
73445
644066
778821
292324
829855
855740
794548
849390
683062
360415
975940
826972
81249
939896
392384
508640
987006
30986
501839
864744
516543
139129
213908
937825
780664
377519
894807
843966
743743
178840
316109
829541
629138
601663
846066
527715
874562
786470
461011
186804
669207
961004
780676
120686
244386
118094
853690
652214
413549
835141
912414
361696
389803
811112
126831
959594
554689
433460
12763
245054
714649
263458
142998
610322
557128
370887
426484
955131
183878
642727
422029
999897
492440
202661
749526
883090
609977
2549
163800
41608
731468
853636
617939
742464
117344
170165
491071
754292
357225
256399
399994
475883
105739
43029
256109
750363
820617
774853
469293
655042
481054
237161
17199
984952
481970
169272
163126
178239
8762
849823
720527
660308
943051
284563
250593
26288
977167
134646
237612
383977
44450
455271
865336
305643
688466
352086
452929
660070
602637
530786
348233
196817
363749
522533
669913
384572
437704
332642
993312
72013
39173
515976
171300
578946
374545
809730
676244
248997
223405
223260
181426
426194
769399
608622
594990
121249
866632
117623
594569
643358
354268
234131
967626
932016
178764
625437
316236
718837
830834
69239
104605
342043
868781
616704
899872
853263
613761
212231
690687
565959
968433
620749
500073
334511
627312
368537
380985
502570
311070
47056
89339
942445
859459
825480
833569
707016
751
948473
290959
812771
315127
186409
866606
16340
826131
334349
833876
769725
677409
388414
689002
837484
262824
461271
729397
417478
155759
41944
488616
454834
664797
944038
629499
950553
648548
124131
807854
341296
957811
588719
480285
23147
973132
338928
425217
488926
365802
311798
974783
732359
680618
185730
970109
914568
283028
190016
2065
915759
426154
575287
974332
867519
491167
621751
249047
88741
867999
965405
84857
550135
82107
837767
73623
615007
388697
668220
682202
512579
428357
980524
454159
845693
713969
297400
780407
653208
396277
370823
67388
520400
702080
554363
669097
441653
127203
487777
274085
625152
107765
714950
251881
972872
353698
842405
269569
797922
25360
424767
247366
104424
683062
809522
729405
587486
288785
704714
318867
390066
114230
510274
670394
790361
771057
500655
273631
655238
480265
813190
437927
953940
568914
674878
18643
492489
743650
65522
867458
996424
677361
59375
572888
465056
404418
822447
85515
918444
921269
912121
341185
126591
167668
742272
718914
729983
906298
173156
257687
854746
547010
467061
843380
555284
132282
404214
726337
489844
310870
827925
4807
639126
888129
557001
618418
127225
78612
833808
203403
785050
620613
156283
684117
334988
802432
543610
228076
668479
257101
938952
575421
33853
502855
770889
152513
224836
566199
748242
48186
235188
518549
970857
173028
376464
599834
884124
673420
11729
864840
97792
289379
163533
137088
723207
577254
765328
713409
2385
281364
976328
117345
130405
155336
832491
645625
694718
215828
259616
575384
528551
959547
498280
625666
551151
906096
414165
43957
287934
508177
788650
77568
590997
344271
617075
356533
235880
184791
930864
862628
755232
752306
791160
900766
387304
106512
785958
103145
61392
322437
75757
980842
338103
957022
165986
175859
826118
899154
59474
208981
85893
631200
965042
166366
437878
96161
904379
711158
364837
724175
806028
961597
946989
805103
48168
236390
133299
24325
544405
486762
