375498
968095
468756
687244
698834
722396
720902
546994
281550
992615
103579
495105
681424
911475
285693
170062
940538
740558
882056
392742
820446
810190
267410
177085
93144
628236
647998
148111
535666
879484
671097
589893
676993
475543
627843
939109
965813
691576
538231
519493
413049
948511
116748
63388
583794
386657
94504
282339
4498
531638
390501
256544
485535
272824
75778
272492
170108
544884
267364
307191
873989
198411
639382
263255
270851
678016
191886
398934
745822
714385
154787
274658
609736
203771
271359
619592
955104
631059
497311
997935
521957
146541
715385
151084
788223
775355
237446
33424
772692
396210
737354
985368
671534
696129
126470
420221
317331
980947
260440
956728
411104
946028
338288
607646
731347
631807
267113
721686
535067
597617
486484
210685
122513
345828
990861
729116
61312
277044
613170
400975
130598
871034
881888
411168
531716
154692
934336
645689
525228
317775
737703
580495
96406
773065
372316
656362
424692
403468
200174
625690
268371
63686
499113
720595
549226
417176
495794
83569
501714
277192
675074
937232
728881
46441
674169
943357
342171
148434
948825
161987
312784
138901
348318
409101
8253
902043
59639
841735
518189
357562
652074
828814
848003
17612
414389
329201
721803
520899
932012
567968
643637
529964
183691
339752
400908
169312
582166
722210
572186
648201
39687
44788
666029
139369
168905
40892
169316
441506
935285
615753
354941
773160
751167
84890
518859
472259
933005
163717
578523
383363
563810
485468
37754
129142
26942
784366
987440
261416
103008
131645
809266
369629
480214
550965
326275
564003
405591
54268
655613
882018
919191
741040
262541
362284
703550
32239
789097
260696
23185
903194
407628
155016
669605
659846
974358
54864
614572
469741
31149
80532
735338
731067
704650
83182
94259
525129
777081
295170
252947
590529
629730
261520
596073
322252
443388
924890
363770
858642
54297
256978
799888
93372
272670
302747
878111
976973
760919
246550
603699
495170
326517
819393
41242
103902
458402
165669
547898
659104
426592
98405
378335
514250
758525
497101
496802
626934
695779
277506
70145
62626
817877
652106
657307
159774
451311
560882
832269
730630
919895
51443
270143
986111
751481
846050
657206
626669
230384
125296
797722
240486
644247
227459
590509
192672
500974
258219
484664
46286
473732
291612
414
820743
480719
761625
577549
668
908547
465722
816980
458575
849274
183294
622856
912539
645002
500777
209354
954936
698641
215915
741739
351878
2874
294831
6365
383551
388145
321953
688112
265191
307043
109787
893348
213983
284541
537426
702792
402154
590864
64223
33124
706196
351564
506314
704931
817259
63709
713544
10107
165601
642593
252637
664097
931615
767047
608711
435279
238649
716655
380430
849624
920125
767563
815909
770695
450845
305917
212406
652066
803340
996646
856257
360504
775463
152801
32625
296021
370635
969849
541382
540740
129922
887382
21045
949614
922386
323165
199575
458719
492750
735290
690922
552283
348143
329572
434829
160298
429211
359062
637643
160734
719238
316801
890523
541112
966656
419253
981789
452080
173306
411052
430750
815803
950277
217358
798898
958357
433736
985681
354637
301120
254836
860832
27539
114391
504985
417237
463877
409827
170080
98132
657354
203653
26192
178027
353995
970268
243584
970947
98076
522884
282364
706073
115653
984781
792892
798833
6940
65239
723644
263814
185370
853466
208006
811817
661073
563816
334987
579477
900198
110149
146189
209321
194952
780306
181073
278200
421911
783280
269508
431177
348068
256660
373892
842645
808620
828579
17886
950296
266972
466175
256036
327617
444607
219177
81077
684332
884885
729445
786177
741483
103384
353039
840379
171638
783858
801681
79932
796993
551509
538335
419971
64924
135223
19856
559192
853575
636458
139093
299396
914256
231182
743541
491298
914005
634316
14688
770768
755488
964250
588601
656578
517257
913137
20600
142772
18879
978336
362082
724655
673847
934357
554629
956856
74929
936147
714268
911410
232003
9049
463392
348141
983260
200168
340103
769969
218543
799061
495051
373212
998396
548006
780109
988981
742519
228182
417708
352681
281400
392438
329284
303795
437942
817145
732601
108224
996241
355548
780129
162559
361965
691935
925904
393417
510261
111221
372819
349970
928899
924275
390153
799796
573343
775370
446732
448342
994162
371004
921117
218922
129892
880615
269575
961321
659776
978258
942426
528945
223029
757207
473912
938945
319497
995878
82449
896702
557290
370380
218701
279448
452409
831483
440641
659082
423061
251814
746527
811030
224177
719786
538856
486678
741362
705501
470807
792499
367572
530926
567344
300492
528
646850
970277
944473
801538
27591
193689
729429
793528
134151
223197
41624
760247
347204
114142
346209
652727
816950
373513
829945
172480
359024
412320
964649
757142
341046
72152
979559
213954
278075
709174
845
12618
545894
142123
642090
330296
266146
660891
216115
299593
235008
478367
55725
787934
435579
601043
123743
405399
989632
227872
860609
874514
444010
714620
784085
614094
336122
591157
914744
73964
395001
908978
26778
666794
955022
328964
84252
897348
634336
632588
486353
880426
12317
518214
648066
425664
333066
20120
388928
689761
678813
130059
798572
706189
764555
122884
566635
467945
650827
564946
99867
670435
478089
825370
838935
714955
844928
520846
571658
4189
398538
529665
377432
977960
173462
481087
415262
157255
78130
864752
557370
333032
146228
63255
623824
369214
806640
261047
219848
729435
224475
832713
8672
556347
701800
207971
544566
991129
803167
217639
508116
572180
751910
181120
887136
323865
396049
991059
452180
944939
328556
458825
224411
152360
676345
7094
947070
570227
867111
852059
214777
256402
947962
785490
729038
347919
158632
171134
859019
902141
631197
274313
788352
370330
947438
846600
621613
451671
355977
420645
864164
644780
78336
350729
394725
754606
833154
479244
655183
189452
382119
267908
112909
60590
810444
709216
989921
108670
14803
581369
532253
195933
665127
41567
16280
429290
371686
165070
803151
534625
415042
819683
304210
531600
525922
983722
356094
350407
929637
984864
523172
232782
397565
868576
702025
633646
926120
196107
252964
947957
488967
384425
801806
865914
589131
61701
15599
395578
862070
51550
928548
671693
250517
404803
533031
516249
422847
987025
970814
343588
345612
811579
183674
648718
516528
737880
710684
374606
331593
39682
433647
913856
855097
592669
540304
49613
529312
931130
376590
84268
229312
16884
562857
906841
788419
859723
802933
674406
759353
526476
692370
514079
418683
426338
676296
712472
341698
341101
87611
515040
692000
843254
704757
974264
4555
929806
978133
647684
450954
613558
135296
912978
699059
652706
207867
716500
547822
858492
237348
861760
997125
894812
497485
547846
808542
367011
543730
967162
352940
832525
945191
299194
25553
764416
97246
597814
307043
614304
106010
736516
476256
974188
712357
477088
460657
132245
876043
448416
366462
865209
156342
85808
354966
882165
583122
477666
521196
895319
820327
969836
139805
893642
280883
725280
497660
472908
734101
993102
178622
444283
818893
482113
874416
437756
77938
627530
99985
485282
495850
773418
736325
479508
672792
312846
288240
499915
892068
146655
821015
888489
215890
30391
509127
901150
774762
705551
391530
887988
964397
96560
644310
87198
2258
935760
687723
349736
211926
306465
808655
166942
45057
940
159326
264349
777920
342716
237298
688394
258014
669350
341309
937070
139726
708903
524054
513489
443648
433612
869595
368255
620199
370474
55641
462772
540599
297429
732404
59171
731169
922649
104093
448359
195501
510732
996236
960371
887222
595968
857705
804778
523979
894675
428147
179421
145550
277556
348432
330528
704113
602470
864109
670455
478896
939354
665449
416647
589260
455521
90651
36618
773554
927061
391373
302198
945774
320220
43412
320385
684905
971426
540267
271295
463902
881460
671329
215068
446135
158145
643600
639110
384366
302462
740637
315242
446882
463023
267987
660794
506793
971811
966093
18382
111348
320336
60482
991908
533729
948548
595148
37224
500048
738311
336657
829616
443749
308766
376921
140186
259420
85154
930793
283172
136802
489288
298991
689615
791326
566435
902393
894233
747532
82893
790699
159060
809407
473160
504078
850571
735925
966290
307235
692630
491805
612171
263777
265961
304510
303298
88419
198873
656409
583224
830040
616217
44224
946281
117928
666364
853942
801792
232740
229237
978810
849896
447807
219137
564356
799295
985521
81415
185270
293627
625607
960862
517506
328890
602772
66951
743191
142067
703574
363117
278233
655971
85973
650112
777992
161601
930626
774610
697657
827083
677106
186322
267283
758246
71991
941483
800834
98113
997978
266621
587401
250142
268191
567272
174850
880445
342976
215268
998023
543996
481439
450224
905942
821357
264967
180188
454594
655692
40259
776224
4079
188404
18027
6850
742121
236268
570369
65854
717535
968379
380342
355299
237337
940935
280115
663982
432914
342928
706472
467625
126250
401415
888463
143415
144685
27649
597531
677900
633755
344592
82263
685261
529356
772495
701671
866922
319305
732147
947955
226314
251831
328365
138132
582805
619971
597863
600583
407324
853072
26577
372576
500615
897326
116666
385262
938103
937193
976294
97743
245465
123361
716575
704660
208205
520222
715098
953729
185412
405570
833500
732285
367832
32846
889830
29546
930958
528187
532678
947036
371546
176727
126468
844782
530950
37038
800875
711338
213767
164888
297341
679553
810436
306665
417365
353264
156650
295718
71367
598895
76450
637932
385237
523209
186072
721213
315877
729649
441847
726136
326338
262481
154753
990608
423860
335587
304108
798875
455676
311816
563754
729898
129523
571479
44670
933375
195415
133057
396860
165153
971058
201451
861517
886980
75701
957535
455294
246733
518543
824535
844926
128735
253629
674737
905791
924456
517663
637712
873888
196943
590194
574961
996628
651942
937900
904322
311022
380461
168205
545316
204361
567666
18835
860302
806553
667250
861419
811801
884296
988855
925738
937694
307894
53740
573610
781649
445885
275825
620898
819398
266170
752664
655635
241396
930646
688471
855700
702478
682328
498047
351279
552673
12787
883042
208412
655403
336054
853127
519034
90967
837642
490712
642960
297959
96510
283812
219242
170696
363069
749193
245835
415923
369812
813059
806075
603019
605559
436294
991595
600297
282074
358636
909125
424521
348861
526647
611665
337859
494202
626032
285735
943935
594785
452244
620547
361858
438710
781792
132452
454478
349667
638368
915021
492357
74759
168795
571212
871036
974621
493777
61534
365061
604483
546734
426355
498705
928158
186756
413498
393897
464094
86262
247054
569122
748277
187484
804935
181551
865999
604724
607960
836175
186905
39842
148277
934741
680636
559264
550205
208506
403098
546417
593216
457673
72857
676363
538019
536607
906197
376103
238630
495539
372448
946552
521815
451762
616181
653600
914053
882401
218920
217447
706072
782017
734707
611045
388577
217880
96338
937528
38014
860125
421118
451001
636213
927843
980791
710728
384998
103155
905377
624361
940630
430580
10379
532372
726721
505619
929389
710724
906671
986280
465058
466859
379472
218857
817516
23983
254630
603710
541526
226321
38633
161880
500145
317073
327900
925811
658335
578418
156673
77019
894336
605604
406604
459048
55916
92989
240060
624206
920062
688118
496806
924728
71961
202088
361257
618666
641945
344957
994383
428322
434961
848916
262873
273520
877565
683103
963659
595654
993286
686970
489394
593127
782277
139899
974228
674012
280081
978283
157587
980270
199777
993573
287478
104771
333057
581041
825435
950864
568027
782687
40481
212222
108221
254000
235487
212216
558461
142108
147683
97339
492664
455223
876268
234903
819795
234383
827331
336957
325237
232718
81142
702109
530426
541993
977244
893160
380630
733711
270659
288678
256376
174794
494967
25468
881762
633098
659832
539553
101557
484595
833445
644090
847725
92480
374803
453236
569099
267406
394700
95942
171083
549475
395086
747335
222331
118768
962489
32713
345691
661448
585634
833364
198209
740255
935901
180237
842547
112575
838461
69311
753422
270327
660058
737111
758030
291906
760842
120085
758436
437777
966197
116260
151852
432876
814141
907206
259055
361488
515128
254341
797073
937151
389517
751455
673217
750081
701281
778378
554116
105679
278901
826338
291382
912301
857578
80802
787349
919681
336457
319957
612860
304885
665602
659470
78158
697825
674351
727654
695737
315042
148545
12445
590586
232972
219968
965504
767320
994505
335458
474395
417109
457066
490348
487813
545029
807940
400222
852420
796143
858687
993568
831853
859784
615811
554332
911226
962002
594887
940860
508907
721671
576023
831246
750555
596428
800921
461608
749590
560024
684204
642674
638796
814538
911122
540175
437800
558383
558094
626337
161204
253348
794674
690555
726142
301092
346132
834828
697344
825962
997786
514874
47878
480405
403424
434185
138716
247595
71203
218408
711881
947094
152227
190862
734823
513606
689668
943308
466284
121894
352666
269268
996242
402526
348674
673703
16688
916172
601286
150139
419331
326929
266908
406601
814651
524163
656067
397938
166592
656209
741291
777385
928116
215252
63744
109864
345043
896328
432660
922159
67499
867
298426
723886
370885
656772
832099
727393
165429
37444
242489
395484
841961
678521
976348
521786
682689
254324
896804
452570
370195
840698
736913
468615
805182
924519
962128
941631
436579
369525
92189
492213
656780
936727
129550
508349
337544
933695
731644
611971
908716
432511
812222
291003
639042
758068
153071
208808
567226
754829
109364
315947
561167
520277
812006
392310
329827
587116
506567
188424
71756
289316
880013
445803
754558
188009
617455
783002
700915
64198
230205
176152
214920
909096
373229
702533
906094
59983
923015
494638
232682
785120
147140
449283
690621
886134
915720
222594
421035
566819
190487
372485
174220
540022
694231
328765
898245
726724
606668
758061
666581
977327
922528
704478
316209
899948
632052
130993
193289
267914
279777
494751
107873
940539
929066
742846
447020
269871
890515
611578
382327
196162
681731
311057
689319
839587
9662
618181
640106
243727
807979
74112
898207
805961
160260
544826
714110
574
45390
197433
440067
50680
347400
559546
718918
448877
293752
320506
289449
509718
673701
595532
103427
511560
874142
889059
78793
953982
342157
396192
769829
364492
295071
102955
77063
112573
613990
781883
930979
843890
427258
568743
165380
529214
162927
70827
391036
403335
298396
869546
737459
7757
268419
139405
951832
688364
57696
781435
549141
837944
395601
801137
630339
995204
157047
923983
825532
618843
274470
632232
699247
6958
882002
719121
950627
263627
303584
813465
993454
292522
349926
684667
221205
684359
473261
517453
899020
730000
970097
579108
942766
759742
791633
402036
373413
686662
474629
211128
145982
172669
20393
326119
825246
296153
464452
687116
839149
454082
727711
449610
921158
544958
493901
466802
4556
96420
856416
266926
906846
919113
855755
439388
19544
128772
593163
766557
830328
517700
3428
264821
762202
591248
807651
682972
653113
956214
281233
25811
914956
858085
171012
676998
142063
396835
121350
942301
269730
552764
70463
181032
908431
34541
562439
487217
218650
842285
637731
166054
21179
293889
751198
878654
86328
627110
526825
44330
755806
202895
358761
926934
420837
106885
591357
760289
747161
979144
701236
998561
687642
384649
535532
534268
57711
394749
578552
448223
942359
547966
709730
389856
268781
441818
592572
44404
119907
655978
819020
32340
57782
292138
311638
254816
183359
268057
518825
379100
415098
759319
982556
939556
252887
658046
810259
53862
665795
446647
202025
643105
50471
114633
298750
84383
238577
713380
493848
763244
342773
375458
719686
471677
701715
764324
215414
62319
901941
381560
846722
437841
917850
922759
178235
201638
986969
616610
337610
886759
882662
668965
103562
530160
406967
218149
29383
669988
647514
568878
754104
191279
989876
561972
794888
175924
35846
913349
216111
269135
659733
600421
549197
51083
108333
104855
569118
90071
115884
879861
155275
71887
483049
52224
571599
335142
786036
780972
423216
267413
207476
235256
972977
201974
175148
325835
261326
501656
45150
484341
462722
439
258706
479117
953585
826171
316222
75414
353587
293420
211010
617646
141164
362067
46725
120598
195243
913831
431349
813668
603423
755174
623398
831917
187290
65485
98444
209211
421155
972859
920090
860377
830852
394191
397720
342689
713551
74796
430328
657990
909042
777425
833759
619183
708967
52504
877581
157657
3540
427075
127595
950116
483309
940580
315731
468599
713275
359652
805798
303862
252825
844043
66389
828422
841523
831213
204693
942847
603167
924517
949823
733637
967674
210899
387289
904526
619529
152238
172795
277083
445870
239478
493070
677427
416547
419420
103681
672201
890412
181630
589188
140358
691460
396580
132831
513960
971055
205620
165149
584966
328006
128102
113413
743657
790132
83527
120013
707629
470689
800421
720796
699389
280039
823446
584996
553935
106823
645046
399087
884671
842394
425649
928819
115291
299786
697512
964299
232483
362483
281434
493215
238267
732663
159019
866517
623895
774951
371513
17213
5731
586456
381803
266995
197414
256529
591548
452718
167902
753581
971616
318854
661662
925834
705802
724766
35237
628633
74918
669946
79657
724793
228273
348436
227580
929850
362488
887900
866233
722182
761164
198367
670031
200678
398056
907407
265913
760929
236324
813197
173256
433382
483783
37786
801968
509107
372400
213079
754372
566061
478666
299474
192324
194368
210719
628013
700400
346096
633100
202440
528500
691893
532851
860633
225230
879349
680326
742501
627730
953408
187004
286354
611095
227415
195117
351812
564367
213266
435330
875722
407965
2953
569254
329118
505792
443875
717435
415398
859817
926872
188288
956693
570986
781418
384940
126578
878647
957911
404067
913762
524217
442569
635508
255935
364730
807033
301205
223427
223382
607126
10193
188236
216426
149414
527392
953362
654478
606821
803082
536046
608503
938132
313303
325873
682508
80199
75513
633219
871866
558969
261356
932554
730877
329697
25532
917190
217731
782004
717572
582960
905340
394463
507522
615825
401685
755957
282657
310832
93371
394973
260408
881751
819126
791745
666668
709896
512780
353563
159880
11653
382893
93092
824081
700115
836221
244204
13415
595783
785264
919164
220258
523117
521572
133386
552245
336119
15604
795708
876873
863408
790947
18594
202894
11625
443126
398466
297544
313998
498239
314150
418470
605980
746081
263059
846790
593258
219774
369624
443402
329301
442746
683292
552750
467647
784918
204168
62337
965169
593695
198639
656302
266942
105555
763550
393035
599246
580660
35762
66748
162840
133461
379434
329854
243064
91154
310313
846659
864747
527450
756
861355
713403
64167
850684
777139
826149
260249
773397
132116
102749
172854
773944
439037
178655
591599
306744
323150
126788
388591
468654
19026
292343
423891
898471
421912
795236
670227
980925
818918
935852
353798
506559
775618
356782
866542
236994
279341
721548
740817
644916
553891
524919
673029
204920
863121
125082
305878
499606
532084
668116
337521
153220
190847
177878
671677
775811
953067
292528
432614
540923
176397
197323
375634
151398
564305
296549
37746
663436
798500
856152
685469
687612
581150
485395
795890
246421
802002
376594
14174
810004
9755
34206
358723
945545
857266
910735
324781
576498
390625
74320
416643
457400
644933
909419
281629
50329
630101
287158
607718
326292
815912
427519
3835
50723
28970
973431
821645
70442
119834
444078
728213
146309
97809
755000
513520
132817
560436
520169
425821
595288
269612
272539
249623
562735
24947
970226
648254
202364
400269
371255
938559
504918
173853
549096
33402
280924
84320
541595
686395
613334
59536
53845
484098
465587
578808
976923
274578
253054
618438
533919
179893
733678
637047
208976
40207
844589
871004
60996
218155
189513
906436
390623
774209
25470
972933
493454
112735
978516
832452
657215
724962
395668
684173
936713
941585
734540
59989
249865
206722
741969
593008
857539
408066
895908
868230
162678
440215
498532
309482
631321
399810
826533
19695
24583
87796
842643
746190
197400
854174
807763
124075
806002
294912
761985
96819
608632
663955
129312
606056
51767
371098
492769
421591
640084
653261
956061
282333
510474
409974
971097
219054
138552
980869
565545
791574
882670
897285
704824
26761
879107
436751
976397
279378
966731
43636
710942
248009
696274
928884
285665
424551
193765
102553
832220
451881
468554
475382
467937
667024
267199
909835
776706
161883
413233
201906
519028
49882
332759
218947
2468
509723
614348
553749
875995
977156
934892
391444
526758
235744
699589
138744
586022
208698
54899
814269
234393
792317
779981
923865
32742
24863
798982
372002
829076
966347
828701
254141
424361
917228
550106
728007
4715
851731
889931
817712
207606
918227
714432
524068
943729
483712
454612
913724
854995
154231
612088
26665
870795
854449
984125
427130
125217
751475
455219
373477
155366
612407
620687
678664
573676
164965
127955
562472
816091
655157
334982
289670
664324
951635
691465
922852
758729
272636
993804
437469
742704
747592
852529
827201
460317
737281
835403
586803
364179
156213
866297
631576
520742
980847
259836
177509
565381
423570
819447
952022
623302
466939
347904
48234
144625
99045
240900
365834
973691
409743
794945
535502
429779
450971
844728
246166
403946
409048
334410
223926
753724
498672
543542
486002
331736
318691
832431
316401
861194
697537
587283
346464
187646
987974
568889
493838
419529
315200
656629
387974
992621
431049
872975
807749
630689
287537
14317
482497
121293
246865
221908
74137
42434
250511
907779
181985
509681
35333
718126
865196
688378
838170
984044
380320
259083
992539
718715
650873
131999
231179
195104
904494
66149
623858
957088
48790
822237
116928
375551
904108
930641
560732
467538
395934
701444
971551
459295
535784
340051
277917
435323
538693
373362
113946
679163
870104
106787
220688
831520
651108
854072
250035
899904
619917
158618
330968
841812
342266
158533
529670
739443
993209
930785
285214
201545
980966
823522
185601
975596
929840
351519
45651
956285
651077
926684
149877
733316
375692
442673
724957
106846
293789
761722
118967
960373
368219
127628
449215
216952
810234
356084
115302
553262
333976
186699
434301
403084
344577
956767
378236
248738
692912
157257
814548
180665
395966
424593
368653
787577
477106
839801
581739
835577
458756
888673
170814
121740
922815
144673
738894
30214
763173
832796
948966
716103
900184
996935
380733
95090
310734
527751
267374
997077
709092
610925
969563
898633
296247
454941
99432
158570
213198
599153
731702
59092
193787
484959
459808
888213
804704
382687
49164
874864
859045
80818
713627
123388
743492
406239
78697
103759
223814
249731
972145
938589
862865
965848
536388
321383
761190
279702
412100
273115
687805
142242
565624
31298
472549
293904
311173
927301
476969
677202
983257
214059
214398
825879
340667
526999
558052
552739
988933
690555
958170
751879
305798
652485
343106
670418
355853
412018
355182
65550
949028
807449
405035
540889
604672
40622
281994
145504
241909
72709
504322
903195
925473
512474
724144
103837
259657
387652
800522
757437
707706
809775
804134
72728
18198
261560
517881
236955
365998
858110
963461
720660
965401
376451
948904
292231
741232
518757
271671
724865
804412
832862
125128
511888
928989
358846
408408
600206
421023
619379
179012
217874
693827
801637
997799
704165
557996
712827
529333
947647
324275
867202
295398
36274
649672
247006
209888
133622
739360
529670
374644
246222
850905
757334
379083
551716
472789
440238
332447
370848
278018
311706
124329
484604
135011
451109
65979
319919
196096
673484
240721
941775
789851
235525
475494
503913
594223
213333
779595
819234
957640
833962
562556
562636
89201
558719
810693
817973
69104
787218
359293
17528
675789
563399
843730
171241
79175
38573
491179
259269
258100
796079
208513
646351
452244
23351
992273
602559
40890
767523
187804
431049
891162
15292
747875
121476
733843
70978
70891
942958
502390
818048
479079
770380
326610
99189
248613
513436
505850
245282
90003
6124
262353
14386
835584
335728
73323
506115
500488
657942
51206
444576
722737
465773
288683
463651
483878
370327
563625
647889
841702
78776
290831
186769
172121
54422
889885
584292
902686
209746
939391
935320
345933
190346
506462
91222
497405
187237
441734
112883
84584
109283
363534
351034
445498
618409
946474
717386
417744
223070
546113
970669
301114
67418
765704
688221
156578
375280
745685
616569
977406
550460
933700
362501
905609
897089
920440
707287
53868
657355
777575
610970
385579
435060
307024
128977
261966
849763
583173
682723
700872
226277
347679
166116
691290
904955
523000
376868
650561
293940
995974
994493
788237
242659
587242
679430
28600
712961
864447
683129
493966
301401
463547
458573
440284
559909
637838
38874
631407
902111
712451
483907
149617
579592
742337
360834
85513
612308
868436
751383
125281
14897
194007
752560
347529
746810
386848
206580
32756
213947
141062
447270
266256
19108
376526
957442
29124
464854
380237
279465
43327
263388
722747
246254
741714
985986
805194
743768
337259
350570
228524
774216
842510
295849
995649
338341
628749
632769
181933
990742
432291
205410
767273
895065
26322
618567
607310
315640
574423
929784
813777
889480
284620
766748
48428
424738
759844
26151
987870
110807
819287
604542
71328
316805
455191
943395
735955
377956
457282
24655
834330
199248
96347
675337
222532
547002
654139
145458
636960
517997
492917
662314
672727
280102
844502
51184
478508
128211
679959
981039
796470
988209
258251
406922
136285
861864
665279
503218
216581
468364
983258
972836
859453
228213
172503
987628
880539
545105
78641
155633
255452
147015
454884
941504
406098
712472
176890
902658
876486
56785
56938
807681
943859
98255
64728
276896
877218
881170
516712
193087
947784
920584
311982
955453
78992
96214
169014
598813
985912
89844
626193
478921
201751
148352
269006
436287
326626
127121
901362
640843
783640
210057
918060
543239
449753
766348
912887
851596
451603
776124
370574
260199
686289
517789
227443
195354
599966
436208
857292
297075
862757
326601
649526
906259
253689
47985
215842
801971
800065
49602
743926
875347
695910
57755
846287
471285
988150
885330
486770
961342
848518
415587
293832
49608
805329
637855
682001
339700
769966
513313
949050
675037
188657
381135
638458
698188
718112
960708
883123
810931
692791
831171
664177
546396
636550
230154
982057
880801
137282
391101
511459
610964
240691
258758
770849
985981
734015
266210
777833
614339
508489
299342
459264
633401
957179
880115
850846
882088
53220
255814
538133
232775
990049
594435
745989
634343
131040
440216
355304
571407
89070
290363
568216
736143
522978
464816
913006
608586
356653
662371
379495
783044
624229
667203
128943
309748
559484
393153
814378
981156
129408
571989
540100
204938
263270
407538
761087
319741
290485
62275
589655
708772
245041
996905
410969
320690
722402
465597
451051
382598
653257
748618
720407
640675
318375
831723
514245
214821
284028
557914
502558
323104
154457
233536
578559
191531
964834
313314
644950
325591
886156
559496
797116
404386
801350
471569
248935
270118
20504
323466
305368
135631
669123
260935
246493
856214
423466
468408
991389
451420
673034
388001
963429
141767
809730
241529
105310
132094
549094
262200
538378
314132
668016
721597
497908
765902
352326
757126
926205
377624
696306
156424
25196
566132
543520
281500
755458
218951
800840
327407
625702
871037
950789
275536
540182
734364
228755
998139
763008
454867
957683
270485
785673
340860
708120
536729
529822
40534
508444
588988
686036
794993
765946
81294
490189
22713
675250
82848
602193
348299
565396
936319
351560
977116
41035
284500
581266
283202
614829
33976
708966
885308
415625
760812
464426
198611
651709
956639
406599
798867
91706
321569
620583
889230
678516
304213
839406
742402
269511
677840
592847
372081
671210
771263
868927
561176
161610
764929
684093
520045
554138
638375
326977
406980
432648
624862
295817
605374
295349
351664
311247
844543
165573
527386
870901
576227
821706
658864
864962
394474
884081
210036
480740
143381
998960
660568
480096
181574
284450
664539
42777
322622
204218
904300
156192
787955
193616
63660
431714
832878
147728
912711
320850
645168
673559
37049
522041
79815
321700
452512
981757
980421
532813
50400
694272
20823
135287
456783
757345
233553
21048
457900
495358
985599
612829
623822
130847
955475
806980
385888
252691
696035
498016
988912
873918
519711
835418
910531
518072
671248
931679
513298
629603
880050
389352
921575
427647
688599
1936
136327
607194
642054
497859
446075
262131
166116
23921
546190
417969
504391
688591
57562
392418
864424
686067
330397
506461
721976
669676
395694
368846
893302
466478
745288
989553
610514
670028
792294
963296
945366
623037
703494
962371
100504
985673
319443
323565
436141
831772
882202
29361
295602
660419
984143
481827
825640
267313
586434
683664
421771
500171
616802
750219
351056
449736
896339
319867
867106
730128
708385
109309
722466
564348
558533
325540
862311
553083
960985
674254
287762
601697
392099
693163
131597
715925
710748
190934
176778
215965
583521
604717
550056
537208
696671
337207
499506
415117
609924
999908
251949
801582
232366
831830
363452
649157
554534
695349
114134
462987
631229
596026
428843
945045
779994
877222
918817
198813
452227
501238
263290
453963
988582
905903
757990
407772
672183
205273
903156
956685
29814
241419
152407
330665
104556
404174
793519
806261
6074
632395
297607
823689
181681
210659
624348
337265
211221
250104
501077
364947
679587
548994
529728
621116
456161
33063
784126
392099
231039
793171
669749
75768
16505
732962
786584
771120
63362
136210
596164
773652
425262
615602
471287
201227
870405
941990
724994
84156
558551
581451
407463
891139
944999
763950
466187
617942
862841
417615
8376
522246
92596
675151
565051
410370
485378
811806
786936
684644
501548
302391
615818
643572
908149
797867
594257
939512
220926
934447
478382
437250
207997
186406
260786
987114
715422
729198
417934
536329
262691
513085
184394
815856
585882
700247
671610
357109
716872
790087
625429
972872
767303
818870
831020
581322
491291
230875
632590
319891
508132
32116
373080
596511
485121
161400
969241
613636
153653
174703
213098
434934
288184
760283
912961
614071
910409
840942
437405
512915
136968
49250
856082
149412
687728
234397
846710
374980
572702
138271
876800
916146
658889
22963
260835
791012
652583
631168
482929
72072
829379
239330
116126
77684
548590
68167
831846
628524
125745
447967
45397
922153
585457
624953
722831
995626
831760
26454
161114
235954
216818
376415
784150
569395
771355
777
889315
28059
749728
725728
167137
789443
39076
661474
869498
727416
987740
222203
944498
325692
740103
63473
219056
803475
704520
467272
214704
438673
510956
745511
56983
621955
220553
303123
144732
439932
703715
558563
88723
322265
115634
265896
857424
940163
538006
405791
306228
148262
911677
764289
978186
929288
818906
340770
507884
110199
266298
820994
555147
284299
735904
969302
69802
256919
330676
381976
770088
639476
53506
423005
305784
168237
11586
868826
709147
495444
549272
352191
377455
746832
326348
174141
449989
393528
80662
672149
361133
122406
628652
814773
122909
540246
527491
845978
967710
668326
259562
183182
185605
462499
343216
32613
345163
507694
868929
731812
988815
719421
122365
533190
151702
475331
318493
870292
536567
360641
853068
299642
584646
953944
143033
123958
219271
141578
491243
128864
663904
525510
430636
695307
532434
452698
184031
888889
528795
586193
284978
824066
226739
787633
145774
26275
698259
697223
81957
377263
533629
422121
30735
37036
491228
238590
194077
211373
881340
363071
991508
927135
200107
61235
34213
905995
31542
984715
123186
630051
314444
897200
537216
916798
129707
733357
757943
842521
569932
362145
971832
32664
101217
37346
838902
779499
483033
349469
677386
90326
346027
670109
414668
4923
138961
923387
441683
694221
860492
690058
916828
390412
862975
913123
333391
4923
357095
149148
813502
91730
943431
998469
802249
580390
800472
189692
426736
237930
399073
30746
239035
221736
233139
159971
635346
267265
726083
831533
303840
388226
219043
15682
156975
831539
590838
365753
22990
554042
326423
85510
922851
966584
132579
216533
110725
218069
706208
568624
905559
583458
696799
404316
313747
148133
20233
491955
840470
98239
814304
588080
12575
327201
885337
945959
99136
745736
755827
88264
508669
394172
552183
757335
42720
857773
547784
299362
641791
230675
126582
179017
602132
109974
633836
119212
485886
129993
432558
488513
74413
418334
121205
3838
813513
286150
719843
139473
802752
98983
970365
611266
287320
66126
109816
288429
780051
719857
993333
376511
813486
643981
692739
171701
620939
815358
600739
471162
457667
613841
552913
468765
155990
9601
372428
150242
531400
316715
903997
662524
553153
712656
482431
211424
37823
957135
513715
269840
345743
933201
884311
166626
270432
90234
366465
533405
369406
286928
134531
844927
932170
63372
246069
123037
534439
543450
659104
25068
478615
626989
222500
866181
464299
649286
853078
490537
963349
284926
703126
877163
518912
629327
545378
82026
790858
126339
869341
992972
41404
237267
614086
152831
986053
388537
239724
759037
504535
812715
450790
888037
313774
920513
378600
102517
86938
139324
30168
68692
976004
969823
618321
5008
39492
649646
989624
949650
406278
615937
698329
382225
309058
80337
581241
846503
11848
222113
92610
296407
862148
655578
506324
74903
955215
240252
286699
160180
922539
357649
209845
503856
904540
229959
466159
560846
632385
572819
585583
877836
21737
366068
320494
286882
337990
387805
680247
853798
436404
534186
238252
633379
412295
667269
763481
918947
326146
575228
692855
238429
255723
27119
170991
265927
226264
257416
589155
516135
653462
653158
38998
980623
30170
509438
182956
3113
807898
568113
667184
194248
183033
671470
349933
626635
906145
997993
234776
10730
188579
886712
785928
102463
51531
382109
855690
803374
396944
259623
4378
819451
167024
410755
276462
884051
993564
457178
127184
306693
490069
53008
634124
891214
920169
400354
139650
436406
150068
461457
821688
491031
168297
958131
712506
611561
421256
52201
649736
375037
664177
868642
477483
474920
737741
878577
254435
399738
478576
520740
186356
930599
304927
578954
369524
981978
47110
580490
606680
275143
188909
786905
204059
427517
754350
354897
664142
549786
20401
647787
146508
844923
121116
975297
877228
563192
50600
257781
626598
980137
360901
511384
96147
637999
328914
812134
858389
314702
418226
493747
96276
997700
762228
786147
896384
174216
381016
924444
277439
386751
957928
156686
459275
996922
932070
975949
135566
864915
403816
469952
655461
945839
990262
70099
25079
313809
177773
104844
319204
631360
340716
467699
142144
383394
525256
508344
187453
420516
625253
772110
923854
136922
943086
174283
760559
6329
254402
846462
882293
462635
329905
724468
897104
22103
722781
610207
988723
595328
924162
139376
950082
67995
508029
600546
444138
890100
520611
828057
886993
977021
115427
450882
454915
293678
825107
364633
189311
732390
503254
836602
45358
514395
234933
348960
904298
569770
691661
831063
143318
554273
503493
331796
869071
633113
542512
616961
449063
492716
991718
238442
863636
913685
887567
148821
178385
964041
454814
696049
176524
387310
132382
368615
736305
311505
324208
49754
911762
574459
901931
398819
135651
560690
784227
68241
711144
273833
540650
836423
372319
710473
280708
437429
48589
945954
357105
391400
793947
725495
211541
725906
894978
460494
390335
405674
672690
239465
888021
112732
94864
851550
317226
112497
625966
533004
268353
92520
450272
692131
977168
594226
292423
455701
799852
703946
229234
79512
492276
808594
720436
329356
926835
52586
925315
512617
507797
273525
719194
475956
910802
585312
325881
754584
633339
673685
940132
925033
618237
798793
892344
225097
165702
738815
180075
726157
524796
106031
195920
346342
103727
437626
67933
585205
708294
108967
489058
622735
297754
717771
734852
682188
522854
459759
735406
455741
753744
255801
719939
585580
265735
224242
567559
450703
442786
617648
99250
773076
112136
931774
937469
768197
590959
698480
292239
178288
553333
108346
19959
166050
212620
897371
363652
594737
355087
408298
9747
826345
848098
878505
190885
132908
396097
105773
740153
511285
608552
633498
267624
869000
569241
349163
252732
335903
145862
414977
842162
482919
752272
689029
419539
517199
571804
25683
180518
223399
346104
363725
64189
550973
466434
130572
77162
370879
26166
17260
963064
884948
96443
552893
780251
404898
158008
778661
794535
148475
879754
458724
404984
548731
937567
567748
365320
576240
779049
468130
543446
970471
356525
928256
680814
958835
570592
896513
778295
939094
890311
887947
676572
205921
132102
699141
281250
842016
172595
944387
62062
264525
542320
332117
86273
96087
318796
68444
568104
93617
472349
535352
404031
541219
70964
812548
866936
300831
951388
170743
228612
29985
445607
120898
80502
737173
330237
266861
71243
489892
956536
882942
823952
935214
688997
684001
623774
554438
288073
876073
574064
368678
522375
819641
844275
220376
296786
974818
918395
538313
198484
476919
392068
60694
825519
104994
17012
869788
731183
122623
50761
677211
347961
9883
433279
275150
922961
499317
391518
732889
80965
239597
506834
63951
828270
208087
891090
368309
274111
987758
90238
633002
668280
789805
515919
634490
131459
627091
749722
172173
253325
863160
836533
273694
22145
158189
324810
638563
64711
318757
49059
323633
262231
733615
511682
868936
152564
148332
296615
900202
641721
411686
629611
104679
524243
435642
193409
246479
217124
953189
451648
771951
807161
377260
643200
320674
170099
596276
816447
313113
69017
314999
293964
251489
151654
395579
808627
801078
39674
203988
627220
405201
421435
438689
510810
840113
674857
397781
881752
722450
329753
361105
870160
313415
685635
433029
379908
890765
925920
790792
714285
527983
579525
564732
479848
431714
849553
968241
494046
321247
869804
712406
509137
831721
618896
767830
365467
437390
419698
517672
710322
810866
577917
335505
543823
487629
666152
690581
72934
664767
775005
276477
944545
68845
623359
182492
359035
587269
429335
30705
943193
304784
171749
97172
478099
984285
624263
78609
946810
746991
835993
365334
729669
802707
474252
513549
679391
766769
240003
258268
593221
707605
508593
885061
523066
256873
433062
535167
904003
841292
540554
355518
251890
161848
267363
180871
667825
174524
825694
889099
292908
82876
109255
637385
974297
472604
721299
115106
983200
392243
597531
959257
873556
307674
606892
434344
638370
264086
505277
592654
515956
241037
12337
923537
523836
741850
397457
701029
728967
456243
719806
384764
855831
616784
382550
781822
157582
566537
145411
933175
825434
668865
30394
766845
362018
853124
578849
477848
585003
259551
261380
356138
780735
276915
867161
843451
228574
48961
466719
789966
351268
530156
124333
674385
663244
621169
730449
95494
9077
669422
948978
379546
557113
25161
984143
397667
144552
395809
56701
607609
553679
495673
490202
158325
519199
73368
648068
255386
565455
896202
912661
268431
963833
46548
587620
649515
429544
650600
185408
374426
186248
710357
184500
911007
332424
185434
327807
988534
992317
698554
251950
485912
484693
394567
201839
778054
882044
844356
244876
22404
75623
443094
799474
405256
946804
184122
561313
341832
746779
241662
230071
548417
148866
528618
96864
806920
498694
874137
844829
587515
625350
817597
689520
506467
168250
286552
740720
174582
23641
991694
39987
227779
448811
710810
947134
495056
689425
692542
161729
489902
85650
156140
126551
615286
489811
27638
51123
458649
400300
319499
615790
542064
529293
735962
87685
124273
507871
311392
99170
181122
842997
248192
915404
749164
380226
433792
536861
622159
948612
844924
830082
802776
869706
244407
53707
168863
650566
839019
692664
608398
623827
304500
698144
142269
364189
233115
593307
62610
184147
704442
969985
555713
953011
415235
717404
833280
378043
732004
897264
89983
711744
962702
689501
834031
666012
565728
144338
295135
813309
909635
256657
278704
310307
852385
763931
254404
367480
545782
148227
131841
238435
962370
147032
710148
950440
891727
846172
176279
263066
345960
903233
979356
726958
507905
669405
535158
518904
640372
688194
709131
268441
104473
70410
125558
901559
672846
746092
368479
698353
531020
102484
721361
556899
512187
350378
504649
170265
291087
200607
605
573694
696507
78777
673495
353216
382816
264770
439338
967712
323909
515747
770919
308392
860941
349538
512042
642904
106308
883627
741254
357222
769622
74375
19456
26153
617814
691620
50065
94515
473176
558029
706212
771903
246639
903141
785350
178894
5885
944666
949523
783612
533112
874430
994312
477454
193526
223912
192898
125386
725612
391693
637227
730463
363989
624840
958711
39432
761161
297219
840076
210465
56742
857726
352032
649453
24101
789682
476966
596079
558770
691642
101967
85304
714778
417137
680927
622592
580869
624858
87546
541642
398892
532586
420904
175156
106986
789138
700471
164339
192098
247209
810741
545737
858544
497326
461207
123618
596432
271402
333568
182967
864367
973007
221882
666354
405195
756956
959487
387215
875348
435048
227265
630798
566639
784955
837892
901602
313800
971648
566103
593395
978579
331614
450066
459381
304438
300555
618328
966710
672014
452219
142354
773784
674511
327495
970454
283095
570804
9916
387144
115194
824456
538289
130715
753290
791839
299507
362956
667440
340509
238928
547072
159295
778247
895668
129513
280222
443208
726525
310975
281469
91333
282425
620096
81522
119964
835244
530025
638240
494034
728442
412784
414150
401170
825684
191282
415276
595939
435797
131071
341791
42858
364621
831055
601198
973890
237986
856623
580338
783028
709220
655897
372885
662224
644108
373236
223497
945414
139567
677442
294016
49122
566378
240655
907676
269216
263336
788365
997786
706767
486546
656971
609634
723399
423343
717900
936122
607119
543598
793163
883848
612539
402569
937380
73247
592089
534787
866734
777578
429488
527798
52137
289341
222303
528503
973725
335451
527140
860646
957353
22021
557540
693100
529303
389929
851410
625402
913780
223706
939252
756116
111286
500057
784736
224984
232277
184006
159138
616080
780049
209546
92977
659917
344200
291240
25919
970914
10192
550206
920056
694905
998635
570373
394057
522281
226586
887490
362868
446222
615154
405350
344550
433753
625294
834304
41965
263637
457926
92974
286635
773826
94379
355119
187661
517339
431195
844191
351790
196170
2651
658069
774703
737357
910833
166007
408467
869392
898916
944406
600625
265181
404668
910632
916425
731657
83536
315017
317022
173708
356049
241612
405910
306691
330326
577658
268723
858114
140882
480853
786764
100289
160932
512853
734389
501142
213555
26190
342638
787563
489703
411840
535158
992832
749107
103858
868772
947149
104866
365005
872460
621158
203056
811790
590177
713366
651
748796
59024
164096
304317
727455
243818
185951
407670
284629
691897
26805
668553
296943
253080
803690
260130
657267
534939
876497
63327
796689
806358
320977
68663
697750
844094
916277
700682
157305
859436
952437
954433
639150
741584
80996
459354
640242
327424
278566
708247
577225
125560
342150
779690
847363
747896
456949
915793
743233
669992
208459
274767
656138
658566
184123
780533
666145
120174
289164
999760
85822
837468
121374
587519
556997
575003
95271
75213
641776
862355
869975
69382
234839
813908
468028
438905
887020
359265
549670
428278
948140
105117
393944
129152
992617
877198
976755
786605
693320
335349
461877
174790
436604
350601
867321
545020
111019
259702
876819
82233
749834
245995
715058
821405
414846
292748
622310
684393
505792
328322
697922
427741
354923
264342
38675
340641
156492
225742
775417
789992
528595
393101
992458
451412
159580
669440
593055
860974
890128
15118
154044
51405
758923
293950
540038
874147
385832
592661
715734
492079
483423
884774
636462
306950
680722
183231
675991
360252
736261
849141
413210
717052
316427
186329
149921
827849
670375
333733
843462
30029
906109
292362
868268
186456
302103
398642
818397
889308
655143
251354
622033
671856
673827
544587
656585
624609
494265
302816
194787
449412
251388
565243
346457
681804
35837
814893
434501
306098
795843
747411
996905
176040
271796
909333
88696
88318
872250
723913
43568
839844
162957
813116
804032
964824
727490
40210
81991
215209
250514
904130
752929
378897
975708
736900
373798
737904
914558
621955
54290
140262
535105
758526
743997
766841
812848
352491
713779
872587
924113
490070
60275
674800
470072
110997
329630
343292
808966
53641
2048
830818
45054
763093
80779
690348
901983
658566
152531
418990
897011
711494
895128
807978
217934
477853
186462
207684
780175
868861
524000
679359
704639
286689
760511
50556
191049
957736
183904
361746
4054
389939
825116
320185
575986
161858
777814
468651
289717
788243
820327
781057
694471
683027
742874
197513
567792
867935
735213
904267
7956
190349
199381
847445
161167
143745
657972
702394
167089
483677
891741
734841
595485
432387
812013
356038
758889
553678
34751
968521
80184
43245
777020
43988
70662
62416
509884
342591
902358
821931
180549
866196
181312
999418
188002
945772
135211
799993
786268
597609
968107
966917
575959
189644
775608
132631
777401
179329
416882
718817
750434
134107
54995
309386
83565
580055
839619
749972
304791
654708
507045
407820
274630
698471
677432
406684
268119
355365
691745
190508
382301
556564
338210
91975
40669
659393
981683
120061
571682
595117
684074
851629
726534
503777
588499
823082
695128
559822
141049
609486
804461
79153
232676
890003
547957
413650
172905
519016
266405
946233
732012
907171
590774
179360
819680
879183
170711
611282
540434
426646
340910
720441
935422
922719
512699
195919
878050
6417
416790
967842
555555
532259
662550
603618
623714
74039
537846
418875
204986
932527
65164
977158
159142
777774
368917
935531
67094
188180
589628
482820
908510
744190
689712
549484
772316
931704
387398
632878
61965
425504
946078
377089
513298
163221
814133
980687
336069
391758
189177
218096
67038
507793
469186
754316
164297
615635
220431
800945
400352
879430
916560
142883
437188
317397
436831
779226
282777
631484
558575
162551
408571
796067
92616
663660
32232
853754
243571
89637
59298
163877
111953
437578
320569
308869
95022
902966
294705
646810
965133
492135
801705
982064
776806
741072
141602
232643
720825
599175
502402
652858
462870
125394
285746
450511
288001
875752
354992
976914
796391
322642
231692
202949
98983
528579
427216
579810
226937
333414
127199
770030
914882
791981
376802
503770
794931
24506
426087
263154
181235
314362
988341
725054
253753
423705
158852
102334
207393
542494
347220
668634
663406
618981
665601
691022
857017
519253
195967
236052
594958
464528
112509
391656
480931
432442
738594
767411
322150
429175
160571
644892
623283
391096
395403
334747
355419
795864
925728
416340
222362
466582
825110
715914
834325
304809
328152
437905
204859
597716
996237
950264
924233
413716
52957
629449
941563
73788
803031
490826
299926
998266
619935
359052
311530
117334
185205
478838
629065
125381
897526
830018
852310
579284
151179
355298
564615
608416
694548
756845
710940
348279
862214
587140
319809
172971
174443
158772
359861
970338
399166
894311
512295
332503
730664
750411
712172
899649
733812
188039
90291
463684
400063
939948
299178
42407
764293
119364
301574
685139
272453
992087
117556
817748
210859
60264
779985
50550
20941
347805
816090
283055
658538
276932
725773
346752
93573
884859
497220
442741
916143
995601
339232
91781
18417
843827
206417
520933
173291
699601
54468
181084
276394
139696
399162
747245
16353
362576
425299
447694
658201
50108
135274
398035
484880
978915
351643
383680
942784
935899
188578
826220
451516
687001
813710
948396
289020
910408
697929
47726
125190
522221
165908
648535
955580
611497
15837
694741
637793
151984
576795
160862
560329
642325
504764
408344
501640
178679
602209
295005
915682
543458
700770
957283
494292
408543
801639
464580
514310
531600
874604
487521
836798
271468
549087
336343
197796
522337
484580
100835
499393
9545
159410
44855
437036
969824
515878
671872
389754
39912
928369
218286
248833
178153
112919
756657
358369
31897
679974
881153
56431
409006
133931
462744
757717
188039
17699
564851
313695
293361
574929
707483
795553
382114
924420
328344
267085
409884
914183
31653
306258
861728
194435
19600
253476
72887
136957
872161
6812
217425
298502
937290
210683
74863
656538
420604
915022
964694
798557
847920
522297
813965
83189
883938
427362
759068
907346
590261
360700
599303
5730
449250
415499
394279
526576
577832
133468
351652
202209
96166
42819
182474
316544
839074
238583
526809
317342
734289
932916
248538
933419
315354
512532
304225
199642
972118
107768
373063
64643
938741
626337
595975
398386
457583
901028
688576
992635
198908
439171
686309
336527
542477
375139
965912
213094
643153
194168
295972
518413
563057
132079
968908
248418
272887
910717
573472
290041
533881
329425
216317
941440
663193
900064
955380
953559
456605
478408
261580
518427
693444
87040
459018
199099
129636
22426
257897
767226
962071
901142
47368
691428
75593
862779
747617
554381
708320
741959
326557
312403
901800
271267
677086
988459
585404
612617
144609
821389
695482
313331
38296
977718
507147
619961
886297
221455
157182
440235
403229
386634
675697
781553
349345
708574
112348
882617
420991
727083
178505
573358
958016
331623
207408
435507
673987
975136
255821
719913
265209
346621
940526
297425
976342
677847
134268
611514
479649
307521
281175
47811
263092
1061
742523
842167
345708
614299
791876
182961
452852
122822
412944
346160
9141
56512
922204
788335
191592
882228
848174
799611
980980
750214
879895
623792
660880
32230
648632
77402
471470
544042
155212
112257
917166
187554
136808
141484
397202
60681
889060
204730
502055
764204
626349
946379
570608
157235
125429
38937
84802
826560
252017
194762
212660
192893
337962
412156
337056
993332
73338
777033
984282
799832
473783
63066
643950
233250
277511
226818
240490
66009
702427
843238
261647
64834
375943
575039
957609
269206
105516
178146
215133
389807
338616
917172
220663
237544
3679
420831
738797
629207
494395
47231
423596
932682
354052
646897
95471
143376
965204
655051
565926
725855
219060
387083
439665
356124
538551
494274
326098
110745
281959
40772
249240
353310
434752
889296
74812
309249
497517
562323
400810
563592
589201
55395
288016
741783
121752
279419
29773
410793
675842
690954
216770
216686
773590
623263
764315
260683
747735
672487
968604
877381
742946
420312
179370
176579
107603
41365
263215
311481
327348
53744
642412
548964
80520
590159
100333
49784
292412
458245
375483
592105
260058
582679
333213
362788
109479
79538
440982
34844
292798
602232
847022
267787
872710
634571
59393
249824
972388
746559
350296
914267
580457
203926
350763
497913
826253
820143
195715
805539
723161
49656
803141
623090
11007
255234
249483
353144
813560
764792
225562
943970
374529
166118
756250
717720
136141
361778
706806
328768
180645
855839
699774
430824
364299
522376
361618
475177
207422
768308
229470
194133
125653
334576
982571
336571
56335
639311
540614
309138
87931
150400
682964
764572
826765
182080
367826
719179
812892
219054
553017
278108
410536
607324
469905
569231
780872
42690
201293
144746
540143
520023
563879
420482
512216
919887
227392
893030
870514
293475
177626
468825
47117
355953
135075
663772
517824
383411
542595
127125
306969
842610
951010
425770
216320
841461
367289
296422
861243
619616
906984
36077
442627
608063
896081
543605
801252
311424
267781
392891
131547
457129
247922
83626
815384
663146
964613
842574
120302
526325
197399
515658
445654
979165
189940
348412
23527
82812
898079
713941
515817
713671
930694
362714
219649
127429
463102
475107
143434
375442
467006
382223
51654
803151
386249
543758
414612
633411
228147
320685
898913
461696
658644
800931
186417
515542
347408
719472
901374
668267
486189
990751
996538
586116
946254
350345
193181
103968
590859
721734
363817
655369
245928
557881
997945
166980
579765
581013
390775
457332
926020
692885
879022
512085
113513
505909
890917
641699
562559
117129
264839
785912
329088
957621
24173
752562
950391
461899
381152
496043
160410
213290
220927
854542
28611
474965
505042
576149
240428
174293
843284
418448
27317
425210
474414
748302
181823
202540
709435
776454
174239
63945
895382
148625
484451
375097
980556
571278
907060
748786
52310
54985
122201
431527
54810
636329
391093
881663
35646
503151
961585
570736
551979
347698
569582
593592
791927
450723
844981
668602
102717
326284
321325
881915
246111
731423
488851
265774
677083
986981
641805
448327
640971
733013
112938
2924
334905
495184
267781
938065
394162
299902
284380
314289
129866
732107
472508
817511
232589
196374
871127
204542
128946
433059
399012
788205
93747
660316
571560
154724
78212
959012
987917
265731
766461
324205
490167
858567
811827
638546
385068
724480
588355
579930
485614
551288
56963
637831
7910
160955
132939
937062
684662
837156
376605
68413
117032
841786
842608
34454
497445
784061
364845
936185
699365
74648
911604
131126
866296
280524
413978
27323
633100
228969
960019
734820
631114
610780
52749
664751
327226
333658
637694
362267
924824
480125
295655
499778
227168
451552
595267
958466
753541
315563
987457
749784
889113
397986
416651
757767
504762
30920
601934
757663
758644
435385
690938
26830
572889
177894
604429
539098
259630
133428
619571
847172
175980
227225
925933
171913
484094
97756
201982
386526
761049
473927
656115
256375
980088
27386
552580
548421
807870
30013
250044
969095
894612
207245
872317
683704
68181
958463
866050
713743
526390
156717
499334
563022
294011
196159
961193
377453
19367
635275
690888
14469
152080
879997
563810
246947
379311
805711
97186
399186
960765
176822
247285
338526
461443
256288
189742
214516
434739
843575
885474
131558
841697
668983
785185
467368
874415
75321
157821
666696
666870
480470
503489
774433
771482
945234
419592
8198
625460
557523
868067
264035
859996
421707
770560
823732
293241
738172
721543
870786
629463
313829
670286
604672
864942
599957
297596
875298
633162
181535
501424
625889
46676
69204
592538
260622
251367
575391
921377
314584
499078
570685
104394
931242
746333
515774
737845
895675
910368
999390
972804
965455
673954
339559
896240
73071
764424
720548
61163
681182
264027
586326
842130
646873
413626
82401
928474
809791
735654
574137
55660
685389
407953
715810
913103
857961
148825
42299
10018
226918
702688
186942
320264
988223
597970
513155
355683
332842
721036
856088
983393
940362
281043
470491
981101
820426
929809
191447
117919
105362
159941
907354
224887
716096
10401
993120
336196
950370
963599
618234
837645
306689
668244
951925
158769
945553
966278
328613
296753
204466
262322
269122
816231
887879
646824
779843
655594
269524
848798
370946
883887
982712
926456
332401
713772
279470
669608
102646
853237
362121
296491
760757
868466
652159
954855
831293
184280
698799
924663
31042
527892
663704
53923
545216
334944
207685
417781
379743
25833
567751
264459
428294
678728
770976
259352
465044
72833
303482
81472
89692
982383
489860
46892
738552
796783
500596
334860
251090
878984
126567
854878
664467
583181
180996
344484
192746
293314
654244
307070
369455
808227
844303
947474
7805
84994
853363
291345
542310
582673
685266
903673
338409
906844
216135
237063
198393
659079
438769
522233
636071
300560
770988
512478
866799
518402
766901
330265
857181
783660
356149
81669
1197
114322
45535
666356
159502
738028
763456
739258
750561
788069
738654
437830
447711
927181
378506
236208
7115
807317
358256
103692
310828
929891
896229
707413
157492
252121
522237
26711
519741
3057
634788
641337
300622
822369
380062
997020
533732
599007
517726
112034
840367
493098
808537
325842
548292
703620
444330
736183
515354
606337
609915
35085
43326
264689
255518
367439
526432
328451
784852
800248
921917
170019
945118
884858
651857
906967
430320
359347
23678
812267
723923
884636
21481
743631
94803
348936
950972
347388
83371
187297
726326
499524
266624
119889
607757
57080
169330
175980
697968
303683
585224
824457
712908
176000
111148
490840
981299
722770
179059
506040
676542
101449
442952
324414
182422
954050
755734
279839
120692
584689
620026
865582
625087
143727
800253
832231
274961
246783
657070
852906
120366
932994
815672
938669
575708
662734
832939
867418
324427
84474
845101
128167
229731
744962
43285
828670
873109
697300
23759
281298
312938
978295
959931
739050
515605
278377
758235
277136
889800
545898
217301
480582
383025
516614
249985
827200
386546
993317
282490
27478
893518
146464
629088
320830
259681
300221
862724
154471
19212
532157
843095
621594
234432
763306
462875
334228
402199
394968
617269
886468
721991
407792
93486
59216
613196
73591
245349
343866
776956
332886
21694
585450
944984
161853
112224
419422
143225
845848
202527
490830
493075
266027
866972
3455
975791
223313
149565
787999
332254
35464
544095
21851
388178
530156
564757
44498
935424
903976
360080
152586
577214
794614
153949
357048
256648
106197
939027
854025
625062
564425
961595
397301
117007
973897
326908
283155
732041
955629
669738
223938
132704
70122
370604
133485
313603
426718
44532
348711
919012
419548
892605
268434
898378
694741
362517
908651
655449
189565
188308
153177
512580
81350
84275
782521
151736
436641
493213
72477
60867
45108
403538
794879
610716
517491
333787
741641
942223
840446
644868
563059
344587
836585
788756
680040
296546
708817
610274
632274
869095
583877
607648
993163
526277
126648
181263
797961
877490
920966
506390
411525
240841
775166
411582
102705
426647
483475
844481
966264
891076
429444
763541
585015
617788
958074
902509
64301
873677
519312
140848
765487
960938
170551
48943
864212
328003
801057
370497
832935
605059
882174
914126
495759
983930
350943
152744
379613
375661
860949
299549
699724
990112
683144
275798
595155
727183
352577
515047
505801
51112
134400
277975
283493
288372
858038
115890
728232
917219
249237
524848
430275
157352
250291
425218
895685
93131
784688
819496
124834
366795
711729
354974
46520
207079
353085
712561
317009
965075
178987
788294
631345
817622
93892
908664
938640
279999
993553
307757
51859
384427
511220
754985
857489
188548
549789
47513
155308
544394
658508
146218
194383
398291
247498
996129
23154
591208
627405
19764
430706
988071
459434
465898
415067
806930
614488
984318
893308
659603
148190
510080
916648
335653
135194
567034
916311
737274
458090
381048
710708
22440
435755
280282
668163
597980
665848
575357
523175
526735
798295
143428
671897
576261
994887
875882
701930
705056
508352
874415
459734
799549
313104
666669
757783
652086
791348
993745
553382
51886
344661
719959
279068
306923
866452
475356
139561
180740
890617
960323
417102
497813
208474
304270
232422
479204
546534
654692
24426
685386
592554
569042
589842
480691
407575
82634
95864
952916
818629
271767
592647
3049
105011
833655
767832
747301
404227
437012
673972
505522
726011
967228
798610
452294
940912
356189
339368
652012
659145
302393
201632
709067
164617
433464
700379
721100
393986
185285
185483
482381
114340
758801
404921
953364
391194
515442
197409
126910
877083
434845
621128
922232
597088
221029
769908
790487
156371
700241
284309
143369
819147
678810
402092
130100
163483
129982
308397
666390
88529
975658
103057
46968
911949
425195
493223
483015
341928
421875
441893
456820
365565
435638
768148
438558
64015
409679
892778
715230
182822
698754
274768
153661
818453
182756
413344
424522
446521
139997
687350
612395
232132
516836
612235
400334
651390
589596
70122
258719
435169
717342
655132
930437
113065
350204
175457
814565
515686
993304
182870
955694
39103
535730
431604
687564
615823
249107
208447
55380
848749
968549
518891
871744
385184
696757
389480
916850
265653
885540
379913
978231
419363
510511
878649
508902
304590
279675
62964
144291
327242
647558
946869
100911
817551
389245
186690
44705
734131
208819
723881
813330
380861
859032
13520
453392
673641
101477
732754
484084
677883
609366
624057
912156
645999
19320
740450
170800
292225
714670
737871
628376
316177
391002
645892
498052
803051
782618
571431
314936
674176
864389
911412
304067
505189
367240
703636
397486
340470
271416
772810
935246
425527
424699
886357
408569
206410
993178
432743
938964
292977
176007
514293
979654
396004
988468
845497
313896
491069
440936
257624
16632
711124
279617
700544
946691
891942
469142
289542
455789
289132
379367
606624
985261
691464
876259
43327
451080
609827
746483
262645
979776
961757
670053
14785
277526
5642
897619
692764
169623
85033
52015
766497
625154
721457
218128
639201
811095
648562
319718
512396
329598
328292
373900
738948
891987
258481
539886
304478
517761
116370
948784
567720
192264
847708
435395
653672
375343
531942
424981
170188
893223
878722
754588
365115
220096
132354
68167
688742
656599
756097
195286
322051
10470
317416
781810
441782
886718
894643
915033
980502
420412
172767
247450
626982
445436
624215
501842
207474
914135
477855
878957
866786
235238
89741
426852
646294
158967
496688
351227
496659
274871
837646
5950
804282
28772
431828
591741
868034
725919
174971
692078
23141
451642
495404
387413
37047
879605
699739
114753
19280
936070
651829
853409
126208
460845
33582
510062
863979
695817
647989
796090
704828
425718
216872
578283
704101
314175
476854
401813
135634
7693
978350
341739
801060
530223
905828
160061
728380
494324
859753
897596
477021
331956
521830
565311
302993
984091
230288
269073
519348
652017
416713
748177
371646
358162
673377
563323
859551
7472
40932
450223
338343
158147
844372
926683
965140
558231
794375
763670
560371
47484
618285
355803
496268
612896
608050
322388
952936
393663
211144
186647
367131
832927
365512
597758
376741
7252
444799
507278
249775
261583
70523
783783
798306
51623
483699
3245
380135
817156
790752
407376
825414
21001
593281
818369
991006
888821
534271
332445
211108
340859
273858
958271
47618
125327
460129
976207
12809
432602
231679
79313
748691
31859
308698
896018
422322
626537
555549
70567
204659
534362
955147
72358
610338
570147
548141
460811
811774
388294
815888
929960
409393
174907
796620
867435
198667
598233
633988
612955
769460
97402
511761
790648
905843
313977
6241
405648
882073
309314
90524
820356
63097
510402
622870
874383
704322
653353
588780
448213
420820
16953
381240
890725
859595
264058
465438
861394
558252
820854
72356
337308
484206
113283
432856
179167
875870
533583
987715
184064
392166
767544
627940
865796
822697
506012
549383
22866
943575
321540
366560
641955
44541
937961
967615
528122
598139
490188
800979
641474
588197
508388
220960
481319
477801
247710
869482
685741
676809
623077
398635
791926
631458
986425
803063
901715
647470
678248
725647
439830
487517
378209
26750
470533
354366
690711
382642
183262
596868
490233
195830
54013
249836
13312
479367
683128
516190
987767
99473
106
511237
643176
954962
903183
31552
802523
613897
32107
102370
525411
260854
923626
494403
403043
64282
386650
910125
591380
670702
337061
470449
168301
332159
863857
755802
10650
552743
528109
661502
894510
168030
442800
200670
939331
138575
353839
705983
240482
239064
352121
466314
622339
237242
878887
114945
882304
153916
495538
734379
497775
7113
120592
333721
786011
2204
516582
159772
620305
844504
377337
296752
173058
315694
434908
594899
551430
202730
474511
215262
870388
293370
538304
844015
892717
418080
660322
466410
486099
148402
753841
776773
622534
854080
719070
945445
880949
200227
374886
974104
407565
655836
37764
53282
67216
286245
467064
726582
18399
823709
250790
468969
823491
828510
315109
125757
588768
837898
914571
480880
402003
447052
744159
239067
614144
801996
661938
763933
397687
790638
467380
915956
315397
641615
28088
894991
642597
814422
30184
633744
896059
525478
796394
401334
885572
370522
851323
210169
800336
383485
687052
972597
577736
668784
171680
152391
723915
916821
307123
253959
529668
908372
281672
795008
135639
710829
901287
586568
331721
539362
623633
45887
886051
381942
410428
263355
943312
697573
552847
829377
383990
282011
704895
464406
485071
460083
472834
985640
745614
836012
191325
15838
630174
235045
79780
595456
833723
312591
988686
14000
259713
622752
750171
585017
584824
764880
103952
786198
398140
224055
33370
619098
956365
122523
601674
152674
143475
853432
550115
601991
964887
976936
631167
546180
791702
453924
616479
485319
622976
924836
235792
647785
562783
455766
28359
21510
683483
451983
242168
778291
764541
717890
10131
61825
883439
539205
541217
844043
58396
704253
701153
497672
423911
377724
697537
675283
658369
70903
654460
208144
602922
821757
498336
11661
441819
791050
88838
711819
661300
595021
413862
879296
229761
146476
735583
794394
179061
558192
183235
760692
211711
418827
780790
787996
592380
707379
191406
344835
497022
102556
522728
131527
808383
183634
671735
178551
823674
180387
587464
450183
430887
595065
508956
335632
417792
531812
778202
535597
433032
764133
144957
572389
615429
991908
800745
755336
100140
112917
697298
964185
544306
16091
818801
910699
760826
229994
620226
196044
457812
38916
965743
379548
89206
654872
850805
664478
242054
437364
821450
855352
321497
440352
315441
703687
254859
77801
709342
139326
433863
553274
948936
821142
19081
247358
198168
587010
517015
604533
194339
566602
114235
439049
416223
111047
254134
642565
42116
667294
620660
380041
165383
248846
522915
691667
818204
962502
469695
999921
536982
915176
783584
159991
400079
676294
524612
101349
797299
221836
905334
2922
222728
128044
551182
418865
126062
558039
265027
883178
704280
150411
31632
559085
755669
487947
130325
699345
411273
910995
302450
442475
180979
763076
220859
401042
335703
417884
225482
834640
785165
357183
47849
796530
832427
38378
662429
680805
105241
6963
851246
573439
943232
251728
77239
941404
620899
322289
96193
677188
538091
51604
856861
295197
882601
965155
690003
271896
541871
966115
477493
704900
480392
480284
528640
719909
249796
607854
472764
320329
117909
123126
486968
560757
629697
377856
112432
427342
733754
15806
775682
605841
148843
65670
917843
437616
58911
724920
814681
473372
862534
954968
174884
429612
768102
196050
342958
873589
652819
369929
778933
627343
989313
627705
967756
203438
811068
742985
45328
955428
943939
650472
198020
833878
943783
808278
304231
112073
264043
293050
309866
833365
241762
634291
634317
587278
442766
489164
20062
567585
261622
7214
484328
379352
812910
661953
588903
862326
932287
701062
938829
525431
491588
154480
28878
931475
386418
541718
356934
486840
339371
799357
124167
681908
735452
873175
615452
17942
272896
454475
34200
977266
528594
561272
505837
243464
731474
309104
958101
278667
349068
699420
926109
740940
424941
637690
473666
715798
811515
264989
335954
516644
61111
177102
360958
61929
960903
928469
588475
677846
608035
865930
766602
244893
81932
334293
295551
852569
479027
716274
35319
582712
881193
968324
995288
484845
706352
118923
433649
746502
357004
497308
373342
223109
487437
871326
776886
705022
638330
861590
278369
653440
435398
468945
850292
428710
205754
104801
534161
101990
932713
389707
586799
961941
305786
517214
792787
987656
602680
744721
297945
105485
642386
822186
535516
331687
105669
534636
137495
999068
360394
150764
755778
318743
64450
565758
495571
43560
574387
374162
714723
523032
874311
61659
886978
958310
299072
631071
781842
934998
855470
50771
724825
732416
956784
958647
5109
666685
636577
576380
823405
732270
810790
953060
37144
319930
960188
468055
367404
691616
411002
1944
602801
29540
177370
262349
415378
588945
847084
508946
425644
726825
774802
444391
443127
112404
888393
580536
376080
567530
369727
559566
457975
524704
806915
383894
419683
465720
715892
208256
291769
928500
798938
49693
755301
569296
54907
496911
81918
227859
726333
739506
6403
415628
886556
220481
655624
145776
481835
286028
35059
651548
469170
850752
995011
207885
84633
884509
578304
952920
880213
67921
363740
500960
595862
666156
500520
321004
665862
152948
523365
365021
421829
291675
300836
83754
978605
754044
633279
732287
175983
124199
222260
542174
784952
377117
268367
381479
334526
114789
69793
870629
2461
90001
910484
463850
372681
22399
150248
155412
167518
297403
830512
971576
984865
541245
192348
919624
764597
737502
985491
299855
572082
706497
724864
525458
107562
832789
25938
974654
828199
356557
281431
466261
176836
727003
646782
221716
189621
708981
712303
782614
625751
547869
41996
835844
746928
985527
547842
935917
308403
425174
145183
281605
300843
876791
345823
573794
438609
49339
178331
832402
921509
496520
715677
846308
122819
215636
721879
1299
177315
393398
379722
132344
6553
913850
492748
850724
885170
397813
763623
649349
997726
638445
65646
874994
558085
944783
965340
678476
937859
287388
47002
747091
396795
537587
847748
53422
465094
214353
454290
751873
873467
631733
625801
518337
793633
676632
628455
796931
592591
823147
289949
228620
726654
26036
513793
774145
659561
739192
577133
610634
991189
751959
840073
790481
683685
360352
693467
671504
719705
315256
107120
533339
364535
77566
325816
241039
714801
539160
52263
381875
319319
614217
949946
223081
688047
574766
20468
962077
992771
353091
782242
292611
900479
342436
604086
689505
958497
663107
595435
93192
165611
999337
974069
612953
635217
574081
323781
741851
928143
574168
334738
851936
601389
661597
288404
230335
118271
913786
510132
280385
697974
75782
515009
418714
886418
855453
293734
864564
47234
202126
511992
69080
549212
624710
703274
275872
331994
371820
51428
129033
79697
55932
464034
292372
218458
378776
493109
313735
530333
999326
606260
884755
81680
142457
554120
602517
713272
216609
454731
574072
122952
555734
463151
239751
923516
758282
488876
15235
103382
119414
537671
139826
44445
731374
943211
756423
150967
961868
430243
640212
418781
901180
304159
177147
120347
436278
919575
228703
212375
736353
559676
409823
900154
