650337
576081
689500
202109
106348
440008
542582
34166
312761
589201
392972
976169
921464
262049
499402
589091
642438
152677
696966
189497
621822
336874
878006
718969
291087
902439
80857
300258
819299
471072
958588
266778
574607
111149
35265
278519
774363
475781
148999
226299
449015
212685
335659
537000
164116
394042
886075
538297
190288
92020
206864
560498
822317
112392
980990
783448
425043
962703
534892
654295
869975
432706
893612
749397
239441
204794
313887
534776
767861
912243
128132
182706
940090
48714
311348
426086
799943
420285
794013
383851
657098
561403
996654
221962
657999
934318
42871
183344
838798
303835
777895
35600
144860
719239
841864
207568
620011
686521
551873
983559
289996
989584
76860
183718
514114
961435
968613
385997
104737
99660
545283
722328
662362
710405
739803
562318
403757
952897
991406
928668
48823
344990
927958
210214
769586
718988
733031
540100
741841
797634
186747
323106
39265
410650
527374
747288
553904
833402
776937
412982
751238
552944
159500
199098
560094
803461
881125
53488
342015
16595
952559
834556
365247
309475
523948
302119
733111
595567
562192
750283
52587
624503
353712
717093
25689
705276
765415
456494
323186
215217
24423
968686
849909
717768
10757
659483
773597
929450
362012
721133
982681
54677
557411
454298
553511
488121
994906
246362
627677
589573
766941
151581
11666
217035
410671
932
528849
607395
487718
843075
224361
748396
873341
254527
757832
945383
461350
319376
666148
326421
300401
600863
630765
676215
502741
398812
614376
60324
705890
506324
510522
94033
184572
127622
929384
22150
262158
707367
566008
111130
469701
810027
89187
886265
741653
597919
324174
506532
599495
666845
48610
391307
705774
171316
951076
798789
787666
691309
996604
868565
821739
157364
224325
300915
881630
59946
534930
59415
960371
680333
811871
57635
411841
146231
920135
640961
154109
819795
253956
754280
365903
835976
772654
490773
373480
725014
202468
413745
842571
835617
918664
332689
556804
635077
832641
689842
327505
698527
928648
76333
342410
734804
300664
511534
991765
149805
132250
612304
735628
274844
727652
862431
915030
874985
894186
642569
917711
76033
463896
210899
837737
166114
475135
145248
987636
284620
551356
971350
798701
443199
776253
123450
17929
947198
709078
854599
502331
43766
37159
693947
689908
404459
788287
978839
264319
105668
552313
581511
739584
844901
18003
403311
223291
646430
473643
379297
291285
929771
476162
212103
76762
991890
111589
294110
213974
335659
998919
778651
517263
635787
709313
380037
767399
387242
762694
165315
155391
366872
668094
142377
828033
302012
134681
90416
425334
881890
805816
284928
677624
331697
780275
138737
955402
807330
533005
534335
97129
950518
198474
801072
741371
568789
674059
826041
568734
877286
712578
665485
563084
803628
41825
761613
711395
596880
822651
861497
234481
53278
978989
242013
191939
156646
587308
662795
894775
133341
95636
438637
98188
498158
306267
945714
648986
529495
927199
998039
392266
713878
631700
169178
988130
857840
896703
190991
904708
829341
124070
617929
906414
312049
361773
104119
611576
915126
778467
570206
919371
148083
790533
564965
942349
219700
806069
434714
813260
998908
760654
279655
724999
679836
986427
248757
323337
127689
467937
99138
355288
40110
894040
672054
746775
234795
160045
83215
860689
443472
147037
154172
313759
642987
993929
572425
193213
846078
428421
141001
802616
50695
826744
376780
921907
529159
91649
394359
272220
504958
396370
713375
992261
788084
202914
53141
631989
553537
313365
28482
452249
646122
871737
546534
52286
781448
833468
121584
405849
32008
126991
382672
928014
599605
198262
562840
817789
411470
143796
413848
230041
682495
124170
607711
740856
84819
739351
864731
516143
229053
905229
635408
132500
242091
80267
631789
687689
648267
154460
97102
265608
805700
689035
717416
501985
889993
282299
626674
913344
460076
823520
565514
434410
592143
637234
266415
470573
340855
251472
254904
993221
72887
728937
77465
535772
10500
653358
218472
897468
472896
730042
280775
839050
228907
746907
767788
170435
765277
877418
28228
624846
805440
207472
766294
558758
567373
483328
89283
235039
739543
715041
984713
193109
323441
89373
91061
499113
903110
923958
358221
696902
310010
266394
500186
157881
172534
202257
993443
428075
480906
404277
908618
884713
894609
148746
468163
263336
851327
318263
153362
540185
640315
596460
56348
324991
940003
680886
903425
283845
199695
504200
91133
31807
23228
65174
521424
590398
99944
711660
388016
481684
308007
925166
916115
505275
208106
666045
422715
216314
602135
124859
27535
737060
340460
152907
92909
211579
442342
778562
197023
587937
675132
652328
414059
52756
696555
68088
481664
44676
946178
448394
275418
207281
174006
15157
993117
737037
860197
211963
871126
966087
52956
280376
363293
575790
55377
610964
235736
269398
907509
178854
923911
257830
534191
209972
98518
741369
116695
336218
486994
894654
394537
339915
714164
969384
729515
181174
558068
967051
582953
252747
99140
487036
334218
185269
8078
33625
628765
292535
356816
26127
763227
283140
739368
259213
26639
118538
624616
615030
494219
639799
931647
829517
125249
337676
370986
415601
369664
916404
478002
125932
648944
73820
505378
836205
443284
705687
679133
400750
555097
762364
525012
634206
560871
250877
657200
271538
685321
983834
23590
805137
878323
270063
477894
490463
642662
669511
350965
633322
937977
430413
432573
791410
845413
577107
665719
977634
382474
890688
667015
951632
344190
536822
563507
107285
189039
652800
518053
583403
724486
244255
491653
892949
671316
150357
383868
206318
437741
125980
879320
867467
659659
93016
335898
537711
504365
687107
911568
646488
844227
762952
494228
596091
329156
481162
826140
601742
393578
941466
378375
946146
902682
164990
469323
572814
896286
625977
580695
428092
705769
28003
467426
855107
56543
207601
261559
146235
638789
416702
399905
958507
472241
396145
714143
258584
784932
438361
320995
776555
996197
462513
31795
984607
276590
327711
750960
23493
347976
349763
307205
487054
850986
631478
908233
295447
940853
943250
812947
788545
737321
248351
204067
985287
637948
613365
573836
268951
281099
620179
515007
906874
598389
754831
983188
505878
466542
747152
998759
37578
290014
317584
338667
218609
275396
214625
803615
403406
108997
825642
29526
916928
61944
265711
518417
631794
672949
9973
679100
520875
275558
617161
729245
382516
564523
735336
984966
714074
834463
811837
392177
701526
120408
547239
208017
392759
677397
184473
643171
268909
555559
840741
88770
901304
820943
684512
456740
692932
201406
206719
211150
769197
80829
248465
91709
79816
430650
386459
634035
786122
973494
507980
793042
694081
143217
524501
954583
773677
405413
269321
977452
284962
641855
33
407683
151459
228089
329642
68887
488048
704168
455130
938581
536545
625619
319270
32855
699373
186075
701699
579931
564869
693177
283416
717372
770609
108263
677025
195619
354510
523796
781846
916521
690368
264621
