513560
286462
66013
897515
827077
292383
678486
454962
504492
53147
770080
542521
984526
72072
973320
435279
998737
789419
89281
812441
774888
948182
725267
101497
205698
256115
259934
262774
5929
810769
147899
156869
185947
699635
28945
12032
292247
525760
821731
367574
908636
129184
587626
630187
235116
709145
189046
119662
404428
25546
322964
198283
91521
596796
464296
163187
199196
373425
770619
417291
609017
411194
280819
448175
383652
128077
685547
218615
759523
950938
687058
614176
411193
576663
589788
734637
457203
106333
42903
641529
297204
126094
243009
813292
793653
544246
358274
578606
520189
894503
589193
532085
273553
770891
943760
706140
929247
18800
519516
291643
640080
275170
374126
790632
436197
503391
632069
939949
905737
212071
338263
957996
717725
482555
64425
873183
840357
924185
996465
344991
460509
332768
772085
959288
987018
931060
964194
311270
532663
26680
501297
818341
592248
844549
371991
324712
138310
247413
143157
265862
269288
967829
258264
634909
632637
357446
863945
730462
743288
221923
804432
837216
875251
920936
593852
842212
455627
818469
802404
342119
49029
657688
177184
694111
847038
138256
537214
984888
526656
416674
110108
816703
692341
773527
466782
771149
308808
304174
857138
140793
901801
993348
554824
694306
678322
130546
746957
385831
359578
918860
142246
411063
784931
122199
419750
803663
502766
402914
905832
919007
927611
648105
614030
660921
949562
26152
202487
11660
533089
165072
86426
190603
567377
25985
135938
433351
155134
417648
290515
840387
408927
632620
436045
30365
953104
905208
488184
464502
244164
226664
464495
798791
288003
665489
252836
948629
699404
421859
495508
30239
451679
366253
691523
18206
277612
766209
932881
553619
243089
965433
121472
328912
412329
58406
216742
143278
419284
271612
192511
855475
414820
579183
507734
582985
335020
414660
257174
351797
89302
161045
35473
705216
976558
410286
855921
6814
494916
347232
140898
56275
830765
499099
869571
381062
311269
237983
119352
759943
420963
448203
702658
891783
898787
805291
198282
744489
724696
107324
272462
326901
30607
813279
814633
801337
16274
236491
637524
913384
645135
591518
62953
206377
900015
72216
358515
191062
416726
713671
172117
895112
297812
182585
168819
546553
753284
60439
95106
703755
795928
282302
533218
383799
864236
722198
887271
944816
340532
339566
893983
301088
235154
722673
581808
147887
786460
435990
729185
408526
849024
7265
406006
44345
798268
329465
241136
195271
48405
950521
567829
312796
76804
400312
119117
977273
961016
218813
647697
744128
20777
182832
525658
206786
570779
12734
545586
965799
158350
560193
93660
828259
921049
740486
916236
739582
764765
456822
355897
496678
291277
874461
898338
566155
673815
76791
955179
657305
712325
225367
607854
565050
887549
806674
664690
398092
478720
139122
280623
521659
433561
306739
113019
136196
424224
973416
920693
382777
396663
871076
206413
140158
317811
797298
392673
53612
567886
422384
272685
652901
824343
810086
2333
632128
516653
147195
166271
44195
721997
181821
900521
101378
243284
846549
524297
263959
175737
60999
4181
161699
103110
98811
238354
672097
630662
115141
628527
494312
111249
223388
855249
409733
542415
743795
839837
198455
704182
914439
616624
232959
530056
657890
318632
103169
548406
222995
878361
706292
281758
312152
775073
283923
95888
587459
717943
741338
478924
743692
309508
19790
374458
347613
69791
367754
308647
939814
660950
28224
358135
388826
745774
37878
459732
80374
313793
189674
145627
658332
198842
480403
318771
116787
994755
369882
158709
998277
456387
502645
411020
578104
780332
879606
422672
852322
797553
24380
898090
578160
553211
836428
751242
54702
97349
11141
547316
724021
750884
504242
681910
404610
882325
949174
924222
876923
900618
316136
44463
826239
280218
862657
712933
113832
818894
338296
410255
984877
181505
817480
821693
978471
916260
483258
729485
605352
169933
890166
282748
476509
711150
260509
687020
211049
756494
196309
824533
744353
685162
804436
146229
869157
214783
433882
92369
799466
471259
168323
532430
687256
144119
901380
359607
15974
275543
237201
217552
951052
234142
910312
947193
209521
737895
169314
91486
296140
969347
524074
638844
546144
408702
713871
698950
249612
425240
840168
739669
380866
804856
461259
463287
624095
247788
47911
649026
260167
989294
954876
850586
493623
794075
553275
839083
394280
714142
297280
274413
220367
103304
969346
184306
344589
497523
770873
971661
617542
116110
884880
925489
379833
433493
384745
705985
473726
200685
801835
269333
638527
839812
259981
138249
627013
865984
345594
87632
574280
684895
717774
666957
459790
188879
367704
96350
517065
849738
462349
777068
811014
294331
845819
260537
940476
769651
726795
904030
808587
247849
809534
494243
920248
853897
775749
5331
121810
709223
32310
19331
392941
747756
671345
196280
281894
720019
464594
968174
232366
643111
161008
974262
936790
918641
714134
753705
461560
666067
727514
49029
572222
773710
284641
918714
758982
861711
957932
611821
117094
844534
163261
443749
983335
134908
740316
431756
971770
823285
554014
294397
725980
539415
776061
931674
607203
462654
309611
883747
624831
673547
213835
232902
215216
924367
557634
308841
712596
791784
671942
588489
487362
468892
985051
577971
451779
262102
185142
977709
510309
341279
276263
500724
999567
895206
335415
127271
310556
505849
786550
560364
922078
960559
631234
33088
307304
36136
376331
370796
90305
951818
597148
904949
507916
892132
212747
21106
282833
736930
190544
950376
938398
793026
643152
870910
561939
674539
455624
470659
750829
334914
652389
775378
546696
761041
552613
19110
122196
819496
57283
347431
664218
818841
984322
714793
661728
609043
855466
416405
816669
427705
961887
976812
545971
195751
857724
63779
800380
601908
896104
964010
185621
736212
107544
102403
824140
788948
243360
483056
111345
118697
159262
339709
149783
698383
963727
198714
217457
273559
410030
506866
61699
552137
493860
852528
316540
846610
695013
677755
137147
579283
92598
42152
211719
993803
283397
279437
888855
626423
337945
473922
862720
101522
897080
595782
111855
916192
397210
651067
876918
168706
95519
790186
811059
142758
920821
634401
145730
460976
791293
280490
743619
188407
104797
338149
290789
43232
647442
91354
488922
567737
200268
561326
832683
75178
389624
154603
564825
329946
445285
876149
312639
649862
871048
709829
649753
854253
476339
630396
418492
140185
853843
931040
341784
529366
590908
281752
154948
728238
24951
139650
936793
255803
635208
435323
282390
772015
532466
665225
930305
369629
770871
696949
900502
252161
483924
243588
867820
563724
580242
535660
211161
258214
808803
790275
427656
668228
16072
325538
706957
441853
365518
59543
517756
132271
247669
509840
972199
348704
939734
725324
643096
306494
179658
70591
550637
792781
862683
101350
992486
490434
751998
173753
265853
718625
190824
696329
133476
132021
19046
307273
195284
281846
53332
626134
963954
968841
985383
420398
604120
784472
314321
582479
258638
428917
846052
714573
114126
735788
678616
389858
97141
998838
259959
564729
581827
261784
4251
309069
527882
908209
543068
720356
312
288127
489175
17965
338885
379879
829401
812766
423101
24831
203730
949485
851466
294190
315248
310693
147144
149831
19991
217507
127246
871232
333760
7466
860878
844985
226596
143778
172948
330909
746127
87380
242658
734469
154049
264463
587170
340112
879119
166130
395804
99769
501598
695306
804162
563452
498511
463168
397890
108342
482218
444787
910861
856569
553983
800720
609365
457777
618269
366988
117440
979506
270972
869704
287502
362915
422826
172710
490881
864329
650242
261664
384822
307283
218243
192403
54496
828109
969540
552881
877498
458909
451772
845030
601163
709452
213764
920825
87521
680680
26121
192644
981845
335063
942084
910875
722273
443422
589476
122603
890830
322586
302160
636770
522547
562927
947669
863718
42727
439025
488331
186637
227962
795130
384616
20579
664249
672522
718458
214824
904130
270413
626004
211928
810708
572799
886633
379516
112671
603244
194414
544526
911834
991993
232134
181169
11518
53878
857865
148895
695775
832007
155683
458773
109030
939643
743019
532482
300895
593718
64394
572134
665698
257785
429420
849778
644653
75650
679920
804580
942912
294353
553760
784563
665092
209673
161959
299538
242320
125971
496346
360752
955507
106663
491057
717174
28916
42240
754676
773750
872776
119488
58775
155312
588411
600278
255434
627447
775895
695040
22953
808250
681761
607574
956291
777068
430022
596364
354529
682465
795343
936525
317752
916030
499307
119819
889971
26350
140416
902707
738117
61630
103186
612095
455013
921840
748388
288023
148326
366618
748176
20189
52525
205511
294661
302603
416687
984611
475424
173575
645085
308862
643215
25466
811831
42966
586837
339226
365869
125664
822652
314124
384427
445009
737695
414363
84376
786059
272043
224486
624814
192033
424756
122980
577175
101325
656180
806056
779327
358706
943391
3539
427629
838789
846899
467150
204611
420663
437868
835963
254758
793120
510543
768968
505683
680184
197542
503736
40923
714409
916045
401799
456285
186707
346280
109761
704354
81668
688331
196816
594202
703938
542185
217093
814185
671228
684309
628480
322552
225988
206309
287090
511008
500898
943356
423797
443816
468315
736958
256100
524521
626175
878719
746635
199862
897353
607476
84930
57907
717327
726066
293599
808808
537483
593293
648302
201272
643154
649578
77242
315016
517003
985661
355386
217820
835151
95979
918297
477150
844642
108107
289707
971802
223189
45836
86767
98442
320073
312691
441147
240850
833560
207957
92792
234310
435887
817576
609654
815686
422510
242364
247225
156060
753631
632559
732310
975678
377005
192827
77781
727037
91147
277326
462491
969305
827199
891303
240679
242616
414793
961057
846889
506164
734946
380674
532647
583664
342578
94578
973374
575226
689879
523932
72400
790776
531125
73233
287852
828518
349431
865478
881982
231770
996512
413030
980735
358873
228950
942642
708766
475707
15029
917476
419498
382482
521515
57243
313435
971340
537684
911012
647733
564735
74083
605402
958645
938318
464087
310226
225947
500347
964817
928575
107510
865025
34875
142497
735704
344563
320549
123362
10664
947920
11706
212059
411579
598827
357348
324666
436144
735037
248550
846014
387287
760753
852962
957860
1804
15318
756517
883028
501551
803192
444640
837494
496927
858786
876079
660498
708635
178350
143946
141499
32307
829314
832678
633819
985018
194451
112727
661905
479749
83843
18992
303091
135194
372533
348383
733442
884531
763653
911592
615339
984044
748944
244532
538969
49190
73581
997596
360502
954960
373379
239716
903036
53685
581494
51450
215537
148433
258001
220767
384912
137120
588351
355791
30589
388862
662828
627593
884989
127344
246043
642005
647067
939589
461212
157084
205513
255671
709973
694098
221864
957651
464465
904620
545849
19370
805870
674472
354687
421144
90367
876127
624756
621351
249599
934710
248497
346066
322953
560667
251976
855075
897329
697087
781264
811710
538415
76892
904148
185263
965240
85203
953111
647944
406454
540131
708332
459938
444338
982560
510021
884186
691990
175511
776243
966222
139877
924987
779744
180711
166933
453154
847697
860003
868430
632389
426295
339709
699498
906571
769785
43483
261668
865330
768191
440367
409978
696222
949638
861433
502259
609490
231866
141359
95146
475051
770189
134672
482257
60909
77637
332890
497602
170360
530289
425468
474136
684273
410689
178219
71232
341694
621156
110516
431733
670216
781700
886418
468078
626245
260520
958362
945029
597509
77100
313197
569635
884097
580524
32743
311661
904125
185993
104107
672344
131186
915688
569773
785318
505431
163188
683764
963038
303144
935475
779514
936913
485027
318218
889915
104496
901861
425968
123578
437335
223595
221335
683526
52325
117172
654306
924874
138567
793299
511785
377614
816925
17369
761855
869964
656627
908418
832956
36546
842991
534632
561979
692976
120867
67058
63672
987822
695858
184687
953233
823313
763506
728744
910018
769928
854376
349211
741430
333047
382938
167654
749853
476867
281332
833530
821834
863236
317383
433095
143192
494098
256237
145770
119954
682112
477864
457306
411666
500388
141824
221598
696663
941735
919186
442291
284028
111560
21512
775904
562223
575470
33751
132733
371705
739884
89753
568404
637649
964298
360933
592054
669105
384204
746003
206375
830491
157153
342811
85195
939684
572277
230791
531268
891462
984299
620068
909815
913631
666426
844967
112614
137295
908326
329785
559400
358214
150006
65252
547547
139465
118901
650699
539428
404243
20715
740168
787685
147238
295209
443419
763024
569177
415098
385877
792545
279425
665689
540094
68866
997023
123033
480361
101839
713412
686269
754392
164511
295468
401351
800862
763183
105343
787801
280085
446944
173991
827016
866752
417107
810770
575408
608156
888205
223438
160778
344040
608625
238426
121028
110145
411605
139877
350470
622766
840960
35837
960891
26857
204301
663419
666019
834685
890673
655513
831898
553994
565664
439875
900691
621008
423979
837172
325145
849058
929758
512287
698493
630707
636481
54437
289679
459383
601775
606671
434732
704457
609630
659913
664416
393201
567259
398697
821069
58244
933953
253275
997944
574689
367240
391060
42372
781786
640914
790565
636313
896749
51841
76246
17721
124983
926344
181607
84831
302407
875611
376312
491844
751042
103745
56795
674237
894115
970819
211623
807914
917735
791396
601566
552905
925011
651913
544876
951247
430210
939989
697937
462884
495404
55588
854468
526091
71245
171201
639366
15020
139027
32585
414384
53172
166663
95630
448104
350689
808242
533642
693643
89448
907702
851815
889613
512236
171252
529367
812857
65322
814638
197654
20929
670275
712863
265662
313677
517846
221248
667043
486619
535126
10464
567180
503080
155417
180090
170344
561658
341387
135074
48137
929527
559969
261698
61055
809402
307831
422
162658
646822
899420
29189
678416
963675
279872
642268
660717
699916
901809
745880
137432
930361
42498
141906
866816
383873
968286
15242
872871
357396
816602
859436
693635
555960
380029
613090
283741
83096
81584
891406
21734
407881
554993
173847
487772
828249
267131
268599
304173
156903
268170
634268
643842
53424
411557
76102
879478
252959
363381
355681
528599
507931
943617
964983
370226
178251
977259
270515
632597
513991
24527
925682
252068
500440
876670
521396
703866
384987
721011
127159
442430
20274
663642
431190
585626
212143
241225
483252
612523
857962
257058
80753
936391
818764
593725
924831
445283
614760
757316
977459
34443
248675
575949
981143
87317
192711
64591
826759
113700
558862
941701
89825
260738
381687
416877
508017
6743
196632
387162
486609
697244
889331
346413
813421
567824
750062
750306
222972
70197
561693
33900
609152
242104
423055
685992
319907
508381
819988
266191
554376
692485
399204
460237
568074
631127
241281
458656
496278
402227
561249
445401
160891
853534
887285
850099
84803
631497
116491
213592
877089
69797
718842
266730
644363
58834
594385
720647
282570
43572
849252
323019
486676
153959
539548
737496
875764
774244
608777
485384
413056
266983
81612
792696
980741
727058
534065
881426
612681
99079
297510
927894
97218
355016
503256
973834
613673
274761
767968
186628
932914
39076
574243
342048
830134
959591
579839
672492
865560
297712
678910
288151
799065
580728
283052
400719
783456
358544
804991
951770
675903
116171
668438
815190
668985
770507
38892
119245
95574
238306
82454
178141
146225
356735
108311
767267
962850
45790
929373
422935
963659
890540
20993
570177
33083
450365
311467
945588
370667
410018
244843
676927
813691
984011
827669
963117
916615
195340
54227
672792
630468
943061
779680
356840
840865
256432
455769
3241
3169
609030
111581
93955
498330
173031
977504
724038
866436
645833
314029
271052
900312
787233
302044
562973
331026
38220
851382
779805
750566
254149
222320
464365
936471
494306
586420
904165
29829
303449
448558
783427
731009
6107
951654
593593
835428
420861
324646
42889
447673
954466
126377
906161
708042
965064
322795
223440
625461
539654
873009
296207
954730
656813
681524
764750
887462
611100
745382
508599
761084
194543
448698
90004
95665
432691
480943
974487
69581
884938
389923
585390
382922
917914
419132
602341
6762
93847
890449
997758
254992
933397
881021
88486
712498
652892
667027
41213
737250
588498
963113
257698
890743
608500
472705
865013
250422
560802
221827
838615
174339
583608
344593
774445
100226
932720
969997
461478
544210
731699
595262
339735
724404
224197
753989
606204
185835
131846
882260
551609
163630
693918
225049
273642
991499
480448
676996
24473
197634
103882
244935
117444
137528
378790
109198
102527
446506
292706
14066
31252
579725
484393
723634
954116
187330
606241
29268
63728
199663
369254
456751
634057
809402
516874
813812
69111
514756
344380
32476
643484
764546
480593
361871
307242
195313
381379
774179
483648
993600
560612
703469
206340
312093
665047
606313
29331
16289
901874
597325
903231
892571
506328
564910
195154
931484
67132
70500
439715
704031
394545
28646
158267
888511
494755
687061
600446
137737
668940
974560
904848
19256
563385
561350
31360
202358
174532
369324
599350
314599
951002
335859
854890
287904
580287
186804
305705
20652
380773
736850
153442
767289
852837
952996
983924
154010
372841
26693
20064
503905
740157
18521
794527
707256
935037
969603
614537
787533
580646
779286
793797
430254
715798
65085
148665
404236
220628
363972
562854
67329
856925
538557
489816
896631
748066
773144
385291
592984
77212
103272
760923
786044
662177
912788
364700
973443
228466
221030
190738
521891
532978
870170
619099
534635
773513
242104
840743
136092
627392
531459
272464
133733
152511
464466
964097
237216
108342
309463
480274
265124
359199
177061
844910
778784
572872
475621
464849
715185
653454
414810
582246
711512
31815
890252
214598
563080
669285
197827
773344
664337
154568
287210
941710
195270
131158
482477
919978
14242
561364
207489
977844
877264
543675
284907
645771
262377
52207
704218
797318
479744
687264
526012
673655
447144
99060
22067
9051
855340
628669
659071
204657
237518
632649
725908
72342
368497
991461
795393
246651
854459
255933
582865
63185
837630
195764
486278
765413
798130
167002
120917
874606
700704
340439
206821
573881
132927
843245
296313
987109
556869
919393
880540
325692
233083
238193
987470
837095
856840
391008
826705
969814
841215
786812
366728
133895
237854
277203
586990
311224
294778
794020
775708
218814
410321
252803
610099
487905
725306
815740
674232
495950
102402
921838
759608
944321
164167
403755
684168
208104
144469
201751
966452
960517
833202
927244
80407
735304
141766
673968
950201
101431
766337
887619
830586
116586
294384
49903
303037
188699
872311
69770
321495
391782
787718
252952
754502
288288
283280
120356
728044
560802
181538
127166
224654
57571
216102
351041
768133
974194
180098
101298
228904
933655
984051
153025
967174
32245
365940
670338
278846
437541
686203
729636
72573
501325
150602
997054
382076
616345
231660
953542
845499
978325
796135
58776
464979
873546
222018
511121
686068
524750
861562
755306
217084
694581
32041
404202
845371
29616
148294
894325
533945
3551
157020
775872
467778
840809
938700
514212
666680
681048
334363
35153
640504
94429
994040
843496
480487
355537
315581
790494
300873
194720
626805
862747
331932
252394
544528
15015
570432
783258
185633
534629
954386
856432
888544
555491
201838
881191
19910
117266
247547
563855
115526
165864
939272
675209
211072
661120
633821
220813
621328
472618
548107
809863
18612
757827
229811
77696
509506
161290
228334
83138
220806
658006
69139
484190
223090
47707
268295
745928
1304
37182
324826
362859
375566
448568
904326
262697
419519
69660
497080
903786
689521
887590
767534
633079
373448
821503
84174
635631
927977
958401
187678
224274
808198
116806
402007
600105
449833
894173
821904
535458
97449
373240
592682
839367
928503
541239
20746
102846
651135
829854
21074
349589
289189
120071
666099
26803
287612
497723
901226
594788
567919
736059
97895
311595
805965
381102
117948
648909
47519
844300
472643
863252
325047
92613
452370
826020
953783
178905
505375
502173
748935
470394
614269
649839
755053
178987
294698
510472
905338
388112
462346
872589
887752
848002
877583
199681
466471
574090
336741
411643
518549
412714
479319
30997
149577
76304
936582
915303
247222
499633
404980
655742
763204
975763
372061
818018
60004
329069
840146
408638
22064
645248
151677
11511
926642
818309
401468
814553
665090
797105
735514
619433
339498
325160
844584
169618
282933
343723
669844
640487
137206
843443
156930
747096
100084
474242
750269
593543
515189
182413
829250
357305
533718
983356
807842
522796
952682
144181
632783
41597
314219
748081
354645
545800
53944
541997
109720
90793
443928
233038
48775
523438
984854
738205
989070
946283
756130
174033
531552
876550
284870
26187
36748
124933
217403
825833
347135
239884
393312
567943
117245
130335
427163
470747
752329
814205
780454
860948
830938
980148
627774
448718
731513
966944
293534
174856
284338
65716
624613
342606
582669
14335
308747
563440
624479
608162
795512
888496
204630
941092
160014
676078
835254
80878
259218
631380
504335
927443
429962
651238
257028
120545
929975
416803
429992
988359
136428
243232
144185
279962
207690
679767
103656
210232
389672
876885
962562
206296
765443
406856
432404
262623
912856
829832
709790
800571
30174
181734
794456
919162
329259
367837
191537
950084
983297
582441
258501
711894
483423
975603
123601
628526
760235
635140
667154
233334
369626
965998
378566
231824
239655
186145
52388
673921
448654
583634
741970
162824
319696
653269
713807
724532
535759
222940
703482
879023
926857
771606
524370
708703
88676
578207
818867
671801
157039
102882
657641
452463
879825
3798
710364
414179
892669
823616
107685
711746
575270
840245
745869
39694
432401
732429
749169
582863
235258
587383
852020
691366
310608
656357
595404
620769
153663
935463
425415
903617
901656
583422
80419
815052
989597
786796
134842
60038
405561
366535
123180
765626
317378
446362
182327
115677
929731
472873
5663
459483
214000
247759
329306
641629
828371
839469
392518
267328
276741
772632
194108
104180
200142
69946
638402
67871
739791
40016
7108
707459
385781
697595
177871
233107
67346
878770
119879
983335
627024
643799
294957
708790
750444
818637
336464
404950
105749
534241
215908
504515
44888
88153
652807
386229
188734
715780
356486
41317
996060
662279
94037
119699
32246
782319
452779
869541
232091
930112
97689
715608
928035
128857
552043
116365
905896
794497
312282
32920
883319
940561
415266
49050
895655
612006
488184
373276
655333
901876
633045
759193
885724
262026
891598
71381
524423
450366
731234
502733
281261
588582
457404
984330
718030
337093
187793
987445
146248
395076
534377
15454
860251
835172
78735
491382
77724
669853
893143
693932
186447
252861
826003
841323
66677
831409
770891
938632
752949
594502
350017
791669
438064
15067
922602
951925
926042
878125
456682
388394
684791
268647
138032
49934
236834
336171
483299
714221
694586
433678
781003
783437
504307
112579
564453
71975
635229
325413
262919
115274
428999
766071
322822
201760
533910
664257
47505
466754
359974
914565
51431
75247
501370
609874
756495
254819
586352
421813
690783
870193
357323
208367
240851
859238
942231
639108
550685
142342
916534
462986
626428
372805
427756
198453
128388
990308
132264
390585
292952
764578
462207
128788
865140
334938
846154
539396
627964
951029
640847
704052
22447
760192
388563
790179
20199
326039
170043
360231
559650
603857
173280
156591
898007
177825
777951
811497
243500
230098
137190
357149
301413
908587
711692
752989
115007
54489
558513
885596
917296
195022
244661
359871
929603
511075
239506
986277
418830
855404
906353
907992
213983
395288
740928
217158
631028
860652
476100
371154
725574
493715
246182
699862
53625
185593
554681
721638
101309
446658
864819
929293
43839
753642
823655
535348
303232
67117
845751
389850
356757
332666
660201
33215
845644
719879
673606
775297
504732
78188
42440
234441
986182
593645
218734
466248
733469
399038
896285
824798
58004
486820
880007
958308
169135
86830
512023
725897
678320
309809
839384
772357
447194
307981
631381
548017
443705
949476
425185
989001
612271
704202
103547
879063
230261
3798
994180
739091
762969
400138
246738
324744
616824
356572
135483
583740
79434
385400
751484
855990
687681
841046
806294
899215
611214
189298
336913
836652
612483
828270
877448
267972
417795
723079
435034
996604
663161
732895
395149
527040
222540
466331
690013
99210
128942
300415
148449
153315
360819
371225
597042
899595
109532
77364
20917
433525
28952
269802
956301
811942
298364
220728
655908
124389
822229
819153
108140
558053
696717
963194
684022
709398
826328
274175
893731
389974
923945
991925
496540
109561
887225
992822
520408
695790
893406
217983
141698
400812
337688
374860
494383
694202
669733
976621
369532
73960
34468
710425
374644
326372
780952
818600
441768
23245
168146
462812
617614
146074
382398
477725
647503
203767
455253
245053
87380
761950
801761
381180
163041
327795
580557
482742
98240
352042
569265
811963
907908
201094
504270
390869
524706
47306
662308
264520
179455
869439
311415
877773
574903
588699
884573
915769
187167
127231
279524
569014
16069
703750
128281
949225
248047
116149
210815
356881
908487
434239
373966
384226
756349
182119
274138
465823
975693
326531
712724
616117
799839
464227
281907
309843
645092
302949
573651
212715
484437
114527
119052
452155
817133
881393
405845
793930
16067
879093
655751
995981
262721
60531
296593
920117
848659
611142
17024
452847
940026
818882
39735
542461
687439
504789
718886
9077
610269
57913
24031
555309
20126
14445
881455
444033
741746
440427
270024
41013
357781
88456
930783
733764
975338
408793
990098
828669
16962
19015
359939
151524
276077
221271
355192
454175
170821
343155
10751
614633
787927
905073
620838
253972
214414
276986
503042
650185
299875
60029
318780
456995
216001
923381
281944
116022
860878
218238
275709
930136
573203
785990
876552
31719
804054
174485
930190
65323
801047
449961
970137
783898
683336
382420
785508
930451
375344
249234
656265
979664
606751
401428
148981
591018
543927
725028
342091
181618
550798
3571
802867
560152
145217
893232
90378
313689
293111
90292
503464
907319
171633
360491
90355
324551
526199
829149
500507
86636
228642
868019
117448
234740
126142
246964
266545
443152
44500
822504
323382
503250
509537
427992
501804
695061
592721
693491
916860
666106
785586
185513
793635
177423
478634
913472
913056
984402
228714
130739
171076
455077
328651
393847
240924
38001
573318
248587
328056
188079
856092
900083
670101
588114
822793
747885
9348
728198
353515
893310
975287
968746
191527
242799
169973
555882
964200
579496
112315
39330
452614
124900
499016
401018
930864
652195
997119
451089
179930
110556
608195
447336
722403
491988
886072
396186
206203
753725
346073
961655
783733
734111
446743
891982
253414
396582
582213
280374
955269
426609
195566
443186
882983
43149
569793
172973
5679
429660
268726
414451
718607
410472
122020
125087
622976
537855
497655
504094
247286
294963
886997
289287
816282
714510
392996
649909
912680
963799
613961
510505
203284
696944
85617
84231
710160
498169
51850
293892
156263
942424
289197
248324
159997
994838
990682
362721
2409
765877
276642
912785
168348
582354
371759
776968
193975
534232
470481
759745
257730
961972
856832
287611
44915
293839
219033
408670
537289
159086
818861
330000
454769
574109
538505
762612
377269
391472
730923
437662
699383
667802
839026
725273
643842
231666
572996
474900
735218
873849
525424
796041
188197
987639
77723
918612
159970
877495
885278
818751
706388
107857
925931
318778
484243
594602
469555
865764
396381
217964
406044
891777
841843
685167
498422
398075
99419
910140
595917
892858
819412
539857
999482
183806
509531
923737
773827
936119
441919
850919
70401
634223
539176
926722
759590
945869
628382
263273
927414
356218
28418
954409
250114
640364
558005
957645
707536
740752
805090
623667
253413
601110
538729
47213
123987
377889
483627
33350
766440
69482
687185
681117
525281
522171
216728
609078
828500
610319
943953
486288
165760
396109
695230
769510
32561
808900
645316
728443
797880
561014
300773
267392
773497
655611
374985
915825
182463
138866
621317
513594
511585
222276
683603
809329
408428
155737
67104
100321
113216
103237
546637
363904
954902
681712
291666
864863
868400
114180
483505
247695
621896
675550
189551
322564
35314
354566
782981
56782
505928
56385
281277
324389
864569
962373
884531
702835
146019
604908
980559
457857
414119
371873
767958
730221
1882
159463
183544
306005
165288
111955
213428
556702
391608
469176
54330
443382
1485
724288
85617
144965
686175
740881
967036
932241
505854
992661
591758
333297
76856
875178
158479
46650
455285
828473
449582
429471
119140
614059
753056
511677
196364
328217
295425
976436
98022
23990
84720
222255
800109
930645
655963
16066
373859
459835
854719
537434
881198
132821
597820
695550
913373
466203
876574
262377
867334
958868
868165
580419
939459
183398
767475
416936
686698
975519
858296
655372
536922
660004
99145
419582
954089
601046
330939
163520
839757
368378
361777
502475
847650
554600
863790
94887
732988
792526
653369
294343
314407
296953
504754
944271
524157
144031
688533
238097
985938
968617
631205
906823
214956
556079
270383
526750
407773
877424
717304
816534
320562
274091
783049
798830
218159
592173
649672
840725
662864
528024
55152
278641
64720
139350
768682
711769
28446
570265
594115
829826
464343
371985
308390
850882
226199
643299
739058
670155
891256
47397
293891
635192
433906
920397
511760
459287
924870
347584
270108
528138
37326
569244
499485
616427
724474
146221
958363
726826
706702
417126
542237
952300
968269
644142
307664
308882
579627
986187
605024
692616
267487
377340
661393
82938
439915
790532
526249
11412
159322
27032
812164
71321
187026
220135
446074
91349
124485
480213
865236
969139
812162
861622
760082
682797
70375
723004
320760
390067
480681
274377
598955
49196
282226
193667
188334
108268
500149
350384
331707
98126
41689
269714
806335
941440
102180
234807
62609
777572
382259
252801
487418
438583
428016
736789
346005
92979
826385
607208
234634
118826
547781
801399
890097
595301
50869
12190
113381
153227
603769
252625
234062
757022
181981
793914
685905
261951
760236
84581
917813
461063
67459
577453
835564
301661
409451
222599
836634
553574
195784
492809
99343
492972
590033
288603
386884
415578
327386
422091
406054
845862
759662
35171
789070
769237
836106
734705
409238
399484
206867
587017
348828
468556
795796
326944
376988
918024
117291
467817
674249
26144
870175
951057
824847
238580
985129
310690
93103
412313
310278
246798
444801
353840
575106
930317
680916
468090
596732
947642
232179
122965
887687
894099
640547
990248
370117
737823
856856
759529
328131
905878
251896
382570
412210
285657
320130
795650
501887
837939
472517
821590
42479
265883
598441
868116
970104
275060
269185
583264
869929
903466
604985
431867
301682
608586
956235
380126
830652
131812
892974
33701
242753
329139
926360
423502
740145
483538
530873
902152
66176
95414
318450
239882
560232
322065
810088
545268
257835
298881
530680
852635
187404
694380
194479
686555
637709
953265
614893
290921
342583
166369
966321
244650
412516
56244
37248
67330
433710
45082
890442
118706
299043
129282
726459
300323
15560
103998
316672
966107
266241
878867
495821
940502
424218
120989
355671
329228
75289
260057
19486
424454
244372
202173
464015
852406
747849
578152
692207
398032
136133
306198
624975
25967
907221
570114
147370
789269
114699
660004
619020
643494
33749
328795
361439
675224
986754
13415
203128
134032
122531
508221
869940
656533
287761
502190
26868
511473
407590
183021
530427
307374
111403
546209
763087
267533
979744
100081
618384
103588
101425
869155
835345
686840
112342
278171
795515
777143
148697
134367
305443
586173
610121
140719
938976
373783
916461
157172
908736
990735
888118
917845
103709
722573
10887
885645
822631
248124
723306
315951
12625
412007
426608
676172
489993
430845
859305
494777
701661
833021
109676
386285
726179
562962
47153
495854
333681
543564
87085
883487
616230
699696
369588
32185
691797
530775
36177
967526
126422
142099
627233
295775
267109
139085
921717
428955
307945
30161
88936
319122
237060
429243
48135
387081
647607
96134
377031
567977
288377
979586
889881
498036
809870
19065
318912
733661
263700
491394
805043
595158
654990
547988
834743
643928
855334
344433
658663
588061
236112
569558
356420
750357
928694
551342
391070
429425
711606
275444
619369
246810
309436
348292
289995
280033
515562
908732
306025
744584
616377
349063
535972
793222
930123
214544
567853
902161
105576
863215
715765
49705
908485
285244
255440
3908
526330
447938
921866
242483
946776
632976
573283
828132
370212
566770
517517
755210
902762
18019
905612
909949
207693
158695
659953
238599
756763
837401
658675
585093
657136
536729
816253
683621
899529
476273
660199
604451
547572
636374
526607
862969
242538
694787
440877
390807
355187
382725
62514
12750
453455
580029
209867
849655
450895
94824
538395
495791
530508
834557
156725
537762
682404
533031
678191
556237
859472
281538
7308
68152
150850
629118
705120
635214
722882
752372
757834
122309
460877
939078
319449
21329
480967
886518
476353
463736
267030
523001
329440
268756
689149
588150
85719
497099
517266
4918
169193
745286
211653
631060
425486
753975
285064
331704
91870
595145
713355
725341
892155
326997
631017
375769
108098
644830
664612
376119
95746
541803
453173
12200
471608
973674
674079
679871
887786
945519
877258
614143
337874
670195
872349
191107
726162
87768
756652
249131
557587
729527
716001
138435
536234
771545
961455
771260
76593
772896
327812
50033
80860
835825
995946
890933
179342
757832
425492
318707
523774
913604
933091
956562
424702
886699
672207
888314
534977
484712
180174
928861
43673
607583
451385
537555
903339
818784
110034
518697
96084
381716
353806
925731
343935
559417
142708
208588
391623
782894
234910
699124
364507
28985
916053
20226
704886
756317
16878
483922
92118
614904
639943
131493
718120
485826
312187
343975
314613
458923
437950
246476
215688
57090
161739
349274
833360
237283
452827
467357
470333
122419
623862
765035
835004
194900
380790
78748
223298
757144
735586
310237
655058
748175
720402
145517
185257
294128
326524
500556
802893
234777
438715
886512
41504
377879
768534
168550
654342
193971
216938
401564
988964
331797
413122
857615
796498
644229
209627
480489
274722
937098
355431
78210
837283
551154
200060
585172
574397
709422
257706
600436
376662
240227
957015
330539
513927
144729
128456
184419
738038
306733
152492
660329
697207
320205
561103
880918
441155
407516
529274
451224
852629
33168
373500
961491
973078
221763
297541
442593
574843
483740
474144
243628
591743
592121
511699
142681
958625
784648
828616
329744
269763
535188
923187
960121
27214
105089
191974
220284
633490
384678
627145
390611
358827
293774
257332
183183
532505
475752
883462
905068
538316
41898
286057
698518
953223
324854
217003
986035
378848
941174
217010
217460
605991
999558
903894
590551
224965
120699
872553
321800
964665
579500
368304
482185
857203
534436
458346
657683
14628
670783
951834
264636
799737
125359
143664
378889
255339
751704
458859
367908
771668
186886
829664
173901
899226
713004
578581
734989
507795
268596
272390
49550
870567
46698
888421
182975
600556
653452
611519
44981
217877
934634
948911
661921
358084
968382
49646
32995
540829
932
701460
897486
348347
811994
903227
539487
362092
996195
533168
185991
422416
324677
346978
525958
895207
178453
908585
334559
122674
423884
48589
20835
651816
707404
347241
914802
79826
882783
438468
30082
282109
56536
329407
553030
824065
259044
398422
282098
703626
640099
144609
227068
753879
516655
451563
577629
183148
462633
904273
153232
74964
325581
279665
56500
504402
205538
785911
314304
970505
177285
979854
938880
456307
71645
558909
10996
41658
837706
517770
285142
962432
460019
941945
308800
647294
219861
280693
903241
724311
531208
213917
769318
860396
68409
417324
662874
594370
510763
647207
885593
694871
691318
525463
965561
922800
847017
366691
421128
93208
833794
209396
735636
747264
534756
464851
394592
174584
80085
538288
917273
185598
861289
691446
556876
660041
911858
379625
506937
357543
643808
650060
346573
49401
54985
672564
47723
617854
112808
988164
704337
51529
660114
583868
124734
670507
325993
506060
353983
199931
146061
570658
458156
770190
194582
180989
379589
849765
378287
551749
138200
473974
966977
581875
611149
395396
471755
40979
46753
448391
301593
626269
219411
582062
725309
741754
583853
37404
390814
644554
17904
603789
812795
19496
637036
371393
342112
746498
228265
300734
922001
563202
27571
430676
111906
637684
928067
443967
575619
907204
355515
26799
527045
684293
857787
804023
442001
923439
189281
882704
556353
227693
872424
721046
660232
154984
340710
776998
534880
500759
58747
249574
419015
776355
748885
781388
599792
972418
929218
719670
902222
95538
358030
607723
168727
376660
612045
3444
456440
265733
10254
229863
948166
221655
469313
146360
193444
746400
157725
731069
494216
329936
684840
865156
810607
936330
958424
103458
712129
43992
770841
502455
444069
194538
597370
580684
283375
138534
57176
219534
570533
625884
284764
184897
879816
158012
462464
407837
342263
186740
190703
809855
979269
4386
111594
521813
346002
277478
399819
190945
814071
987283
328242
912060
295613
713936
383551
506778
723448
277358
415630
953566
515628
574217
371758
774565
116315
605278
564851
109005
438633
940998
246302
679157
15130
515124
302717
807842
516910
586920
944378
274134
350099
587332
106488
984418
555155
526414
486510
938047
695290
515414
809981
476439
848808
82932
422040
399436
301893
203771
375367
854637
574144
430819
161717
654948
762901
679351
493709
984117
470353
444107
698623
806522
441032
232871
844623
873094
968090
275896
209802
323802
897528
719261
245914
183875
365489
65058
882359
107515
178019
353910
826414
484475
898257
240855
308180
504535
866540
967444
86988
895022
256314
807792
290461
904302
131940
48429
319040
942292
669485
647237
393470
473678
438483
797756
720331
262258
121954
378926
965453
574621
633966
787556
809996
729665
55967
249699
677104
379176
798376
443216
598648
211112
356123
876212
409640
39973
750250
568551
572601
360449
496341
608610
785544
859816
287733
329722
19612
107273
300994
725730
932115
192458
509541
507851
908676
585603
202378
334227
793824
834221
642934
549365
692106
942347
996263
32345
914281
479362
744053
572297
796253
443957
584177
114178
304696
950003
675885
475802
70378
840414
796854
474962
413212
998937
1147
337853
528059
696611
432785
620873
683791
594462
752815
595225
373445
600630
510338
78740
171996
231817
944330
292960
714876
421743
156902
878797
814424
167689
26337
609060
785095
588456
896500
265759
993131
280449
313282
367550
86741
721505
116459
13408
343818
351386
871044
897264
580587
355546
444977
143565
951613
740486
80897
787215
439106
107784
679810
472743
998709
673773
486014
363433
158157
801744
508197
605939
829980
906901
390635
466892
166217
609329
996277
826019
705544
720877
903603
684742
90951
475031
28614
821747
869230
727758
42496
47569
325441
235348
846729
378963
633852
32255
606506
354066
915608
949041
796497
7688
716419
990410
816758
417620
598099
157792
59994
852410
205089
205781
849683
61079
510119
588671
317545
350969
826447
852259
15554
112183
161640
220717
801135
487786
177951
187983
574408
907415
923104
521562
328938
897731
706792
920830
905310
935373
395904
800362
556363
315654
829333
97614
802242
993466
179975
959466
674074
471994
799264
972779
225256
405343
559931
245113
29577
130146
308064
671649
961850
665916
946912
718530
359257
781805
557087
866980
593198
713491
849264
848592
507410
435391
785552
713007
385218
162928
263781
521196
143944
809657
496605
490363
257751
793540
501302
542565
700800
585185
491236
978913
978137
76645
650142
798890
953001
206534
772716
347063
208673
628914
412734
751694
103403
24125
755398
565563
900801
776876
990240
655632
283991
966529
377837
957011
847774
377500
406000
756744
815059
176976
563032
263784
227151
955940
292785
181053
991778
71697
519927
382656
236599
696801
200018
137577
616404
697051
546517
619605
396431
873974
233281
349200
565120
661537
772679
808165
663015
863105
79398
104214
297438
758517
317589
233050
103785
77053
958720
846011
997307
598319
397956
539203
376446
526577
238385
468511
253921
269774
153977
153246
136222
633158
973804
231800
376004
664837
100698
993175
428500
433557
535565
129231
414324
518731
989285
870657
556447
710558
930546
202519
2702
703138
697300
733075
17980
30226
284498
321014
23182
455411
650288
360035
375020
53022
592746
149013
146552
600936
144388
28037
674938
558893
791946
545504
385362
291124
868139
418268
720300
728084
494035
634043
811369
133774
854476
879967
541361
774200
950943
977773
986567
230125
922666
993028
936269
372719
240900
691560
170341
992071
86971
442049
638563
493034
751738
281216
398484
646857
601214
937489
332349
162224
959615
443274
541679
984645
785052
517500
179951
531126
246535
611180
464979
255192
172634
550465
228942
606435
815178
682352
875724
255710
652686
415803
201997
25849
640371
239185
775405
122806
679442
965314
635724
821209
843001
264303
628634
944071
150631
593843
49433
716984
675678
990325
157982
302608
85853
490795
806609
489390
569295
659277
250835
21743
927562
957575
850915
394061
433441
375948
751489
873233
132019
265996
639703
774390
525427
581088
877396
285534
982969
293892
294295
589425
100941
484276
644912
239259
539729
954408
192324
288106
470373
718735
96719
565993
904183
92667
96914
34348
144927
997541
109078
23739
427905
901688
758456
224524
607320
691009
711289
510491
916521
699025
327601
669657
5976
154911
730960
812601
908265
950835
47670
857496
135255
398556
378126
620130
22133
896624
868382
63289
183678
990575
488791
438006
191633
740512
408965
1866
994482
764060
143885
80718
322677
488220
743072
489446
589917
344150
744189
671832
893024
908013
426650
959155
686861
630201
456039
801381
777224
610876
342403
396684
63410
459537
578860
652777
298163
751830
489818
65884
973976
553427
239867
818760
698765
170589
865509
566325
2567
964194
46033
567153
407518
15195
264477
396029
141057
230957
57609
268235
43511
588146
270160
917306
360268
57276
861008
853285
600514
508772
809990
919082
961076
634219
315703
626977
263142
509587
642431
796710
708849
90449
801493
748590
203067
966249
509527
339724
583600
581442
245362
972868
676408
626559
370487
515918
43460
123805
506390
706967
295609
230730
594784
39708
357955
940352
253772
888988
62861
458112
65091
844673
89902
103458
121959
74934
106963
835912
672740
353787
356282
753443
851016
793819
144240
781356
208818
31135
833785
67692
821330
227416
829495
902491
127800
527268
455770
138465
288825
243381
11771
140761
371168
443441
56735
879134
456447
120203
185936
777281
549726
668768
269162
36564
849047
859079
372148
171079
808424
752540
68071
232243
904903
680846
57100
809372
440369
407039
734367
795766
458943
762562
934921
211729
867132
600712
345996
236215
674212
193295
709247
339646
191029
486543
102891
150756
252808
192674
353913
764543
180651
589050
39638
57014
650349
501131
275203
166150
722520
925732
559431
8961
91921
990021
933975
187558
992491
492445
496072
195520
98382
999775
208638
527078
291090
875431
652340
406495
723853
513555
906344
269504
844148
969641
720958
836391
515601
66001
644176
214047
994275
728097
367560
141377
745458
149705
581532
976669
801926
732371
636783
106559
396832
985514
69134
839116
281233
68533
447059
568697
38145
528501
730814
127589
932072
842915
844112
2751
198294
971141
686441
399474
280353
769871
673830
847362
645018
727218
871914
297771
796394
719111
249126
712914
616564
361825
735000
363300
625295
620475
296705
848355
480486
105382
434176
865748
268911
238642
137604
764030
704953
561555
882238
671979
663811
741348
750148
162050
460808
245139
933315
963823
801547
17897
607109
735416
268335
791318
156092
608065
532471
951802
925504
187798
597664
567481
871049
18098
12928
486377
356307
503374
950053
300453
929142
585379
885902
576076
130614
773156
382242
409236
540265
956489
54397
344296
163101
990822
422896
838910
856078
82676
912403
454804
548314
915677
955331
541295
921644
134850
900478
509103
927571
376398
331870
577718
789965
173581
813186
500193
238451
180735
429897
31133
283096
906966
959565
604234
838781
654933
491961
690009
339800
640725
821586
89280
779633
384187
927627
852825
300602
18142
550623
19593
913440
10629
104056
377713
710000
853621
857668
117741
289053
675311
896194
877817
927100
653020
529966
812170
241052
657315
76439
614829
76301
827180
994660
654426
555485
750281
173569
206814
523173
19501
448535
112319
860747
946370
520662
654920
843661
343726
18209
58749
762803
227771
815201
964386
724937
806345
155770
62165
384807
117012
857366
720374
175703
819477
487368
224036
105724
71829
756737
670794
290059
960957
431866
215090
893002
571234
397487
206236
566950
753057
8903
46190
300185
395443
123203
873998
335604
251435
682392
207628
441202
336291
518609
336579
637556
583380
841435
345977
817035
379324
407473
724146
817225
605510
661092
998480
141499
150189
275256
512575
738780
262572
847730
226685
175755
274651
515945
607466
886694
636160
666519
994506
548875
641765
391327
558499
602936
464068
723454
481794
825581
987133
991995
751044
940469
961705
420455
808116
824486
226287
740312
317950
978409
478302
208578
11952
497332
473296
366735
626901
754251
303410
12822
581265
827273
617083
882377
666957
167858
845709
297265
468820
923853
446450
16415
760368
998653
448170
407365
499305
400766
69406
903890
540627
191067
10900
470634
943181
316448
533653
413303
848181
996526
850480
994252
623354
182704
531325
500266
619541
688923
966221
272019
420425
589155
870652
174111
690352
61806
639566
813876
98478
461016
417800
482920
924909
485263
389859
69020
830367
179452
580280
491934
107969
512652
484188
69869
45693
978324
103156
87535
979785
371445
275177
1673
578261
169363
763543
158323
884081
487583
445062
636896
120293
751224
384700
155053
250056
384870
748331
315461
479812
498126
211683
191056
370529
290276
728254
791925
93963
38313
622663
61148
109134
854971
436869
25978
523199
953192
251940
264628
417514
963223
713190
77174
854611
148807
715942
161038
240302
120989
937614
603541
616068
556498
608414
499043
446882
412516
943836
913044
505696
555623
357717
85391
776745
828895
336362
372005
630504
222399
560615
459763
312744
687247
955480
522373
728548
684401
707534
344616
891945
379177
684177
69710
804682
311329
933416
4007
623200
97746
775994
369169
41796
657154
290593
72729
130276
146487
810567
186254
513028
979913
3979
996503
456832
40824
517799
865316
610421
791211
1978
274979
35336
418329
732477
117750
491438
804381
896202
680837
664743
178783
272520
784067
45826
589911
138295
16953
973857
362997
754380
617127
432946
577542
875558
517539
612757
539193
246316
16375
803762
526920
74424
116776
428827
549257
958985
20082
542550
710346
832260
206538
964606
454994
436000
990606
14755
411831
753179
706415
922927
708351
60991
741032
815384
997953
110585
792052
199012
370719
318126
946803
935034
341630
649491
200154
591339
53182
666934
650168
838494
43425
85874
704226
605468
870692
172004
725493
144869
452653
721375
747317
614819
960247
733330
595393
60586
206751
673139
422801
770903
644195
852238
329337
900472
194604
515947
108893
516771
933281
954130
767283
24496
640578
405391
460545
196441
158166
401833
552838
100950
851574
241942
540253
177039
431272
639214
711836
549395
228452
548287
460079
259657
409638
860521
657724
7044
65876
323624
43712
725665
289626
405299
350697
544977
285439
79236
893629
644693
137801
487235
668702
784121
834605
246839
528983
676468
717332
981529
222172
405595
261349
393756
7383
452100
569632
940776
586588
496807
583202
821557
286054
608544
234361
958171
361269
586771
743336
872716
103875
24093
296966
100475
777448
413208
614751
116851
486499
980605
483993
479737
924442
965124
603272
690267
186352
889429
640492
596715
75926
889350
500254
853696
328762
301002
690615
852648
312237
15133
501570
10520
849178
304995
305498
79008
750296
429407
719448
868773
700432
481078
983408
992311
967928
938907
432476
299456
503104
159133
526595
126359
85008
79223
621399
17141
148500
677776
709310
312470
205681
69539
219252
574097
8244
994841
76813
277106
174685
781457
16395
801412
898830
925989
25363
765116
433153
506388
878119
435017
508210
406331
521183
942507
356787
586234
874835
209920
174390
596324
24138
676813
241155
263704
957820
142503
190005
246180
632944
480075
616495
807988
36134
951214
514895
331587
800365
147771
277617
727850
995505
327591
279243
141367
933378
586460
682906
328414
234673
825306
727257
783295
889165
447837
190893
430580
812408
327444
454082
958980
394494
195137
539662
839359
178474
397675
79995
325774
746278
146310
443106
100027
180280
956447
429315
976241
754332
93966
508026
629756
146625
784560
183615
593546
99893
681542
326970
779907
501657
692151
874280
409838
722049
522636
721787
293739
913211
387717
159755
559655
492543
218007
941953
895749
933000
420146
725637
958798
858283
877268
625197
497965
79703
654830
931244
34820
342186
945205
598732
564611
539339
915493
94773
988282
265723
984195
472353
769644
755651
898904
924266
800363
824968
530979
412135
298473
670734
365154
670724
453077
21675
519630
180375
20230
74262
495030
711620
45786
383954
591357
266656
171364
674204
728704
759901
704209
3194
905655
542408
422222
621307
270424
871686
610733
64720
529277
429801
165436
189039
326859
87651
231500
96651
12291
554073
631194
377490
664682
601911
492649
697578
288086
377108
747938
337675
59775
196479
786881
932776
224621
349968
224707
505910
267225
533098
786182
177006
366065
977787
205659
627871
80692
905700
244876
522880
562337
779363
36270
147021
563033
20408
281084
960540
109647
539208
481411
497368
469610
730736
152035
436844
112805
439975
375010
238764
302439
58347
775416
285083
209135
507761
371461
627486
148491
252837
438416
883110
601847
630348
966101
418875
969211
620402
669831
11546
482312
506702
200275
619058
291708
254205
740806
156737
574331
861054
671012
45039
248631
741647
919076
916561
655691
817665
954820
363996
55563
232606
903599
861180
612231
928025
805299
974602
118530
752439
519929
397530
613394
17152
974102
358054
486198
273867
971851
366653
56793
241334
851991
635654
671172
580364
894613
12221
790413
591860
131844
680047
296249
476520
266653
215520
365207
326715
936495
405630
702487
582541
269284
333618
387532
592993
543670
722056
840472
404419
309938
173166
388315
823138
218869
899126
529374
13162
111242
262464
453947
817797
908847
278340
846858
693162
130890
691743
866563
115416
359728
608980
689411
80961
92652
646703
864251
379511
637551
278271
911363
243891
582886
295326
805522
141076
138711
264700
980012
801693
176399
560417
663341
956916
655003
317028
420859
700541
522858
794219
749046
789843
82841
22263
946875
330550
166771
679258
750676
177604
41385
123615
407419
438523
937898
515330
631641
418261
119111
809652
730552
998626
562635
728891
880633
165940
812667
593931
818401
703096
71656
406992
222713
215859
523057
349457
896261
443434
713169
926221
143328
604169
694566
301556
367758
213838
423579
232900
497304
237121
179056
497512
263980
159020
120108
976170
351457
150050
680472
703858
705259
593096
165508
940055
231552
404650
882935
527534
860208
936077
665510
629504
742641
112461
951855
622319
207874
910182
552470
339931
24859
69629
757213
545539
45706
171769
215018
596497
298561
104221
271681
326868
304379
536489
548763
50767
626137
698571
889852
539148
420485
431668
837689
14481
158752
792166
810156
787920
126859
964452
236242
190723
936329
162101
612196
846125
689515
479584
843569
285720
351671
428179
548039
914541
281365
941373
649035
135287
270884
300670
968238
482043
323875
30990
306340
488123
3492
601305
618007
615915
715340
662459
540311
372891
828855
906581
114130
432368
873624
544491
703030
842415
238637
267762
944937
915628
679911
944889
534111
326095
236528
376955
812311
719981
849066
355726
334324
497870
849940
712452
791977
463436
72047
353459
358132
159612
365617
422069
391927
63972
119432
797090
322679
33672
161950
783889
743975
466124
82304
265721
676242
114329
999291
287586
134543
322622
899066
325959
379332
864247
110975
533421
128510
169595
918803
367234
888542
705517
788476
276113
401965
79940
866356
689738
914174
832050
859942
165274
300509
118156
611050
990719
24853
545225
932445
765827
411332
139387
587309
793776
929552
658309
947733
568554
425073
331420
285703
427914
925620
452467
265697
757701
112391
516150
465490
133507
999740
388617
607254
7785
805280
761484
640130
227946
254972
796727
468296
609306
418724
726220
775607
804031
938245
651225
533642
467827
416544
903867
957593
33523
144433
164015
200931
346589
102126
832137
909908
23807
446101
296663
549722
658398
404100
895900
664303
779480
8746
428073
724935
185552
670252
931671
372680
862514
732893
991630
766013
523297
620005
244123
272385
595136
494364
982983
642273
17324
235863
840977
485735
605203
83627
954781
8860
86614
14252
93042
715123
191046
818884
298926
82529
957111
107267
406501
346336
849546
832923
644822
274974
888916
193823
460077
715373
38568
953942
827308
812733
301004
491781
701086
103578
592157
803326
461209
322992
454338
216784
555323
832995
757062
93374
252478
343751
680013
527183
621421
188616
73389
576525
679084
814479
197362
891452
259892
603348
710365
662658
691981
920187
315646
460085
388591
461240
237414
745832
156777
522630
839863
982528
109639
336048
548867
283681
965805
361820
808319
51497
325584
68522
223238
252096
110368
572929
254850
503706
862733
800474
814940
136474
754851
509306
801972
92644
134238
249092
957873
310749
489638
811433
83378
67438
798007
322466
760925
133077
114154
253465
682125
811912
881535
819172
894914
366650
81560
803660
645242
854051
13869
729534
815319
351785
571922
746149
831242
56745
275145
576125
71758
102112
595113
190025
866692
759326
223552
926318
656637
508170
727899
81059
99085
559267
575311
619403
484223
34788
282783
976451
262181
553694
998386
164766
197604
613995
343645
635278
685090
82827
197108
246359
963048
95287
580944
66183
998758
960310
136377
28883
540789
259895
348399
39666
750112
346829
945160
258703
294817
312032
858595
278659
29033
561409
761019
475760
395459
210692
6800
496767
450097
843758
605833
754987
418504
296741
532316
646302
746490
970152
752974
273303
9576
621792
413493
935597
812283
273797
780262
247127
789046
904451
79718
236238
722679
994003
325907
464073
146093
893651
160129
258337
12654
95110
337900
265928
880853
195955
748186
506869
28845
317344
85206
869387
732147
967998
334198
511103
485392
797740
785189
164774
463019
312638
345249
992150
783082
111923
882359
619649
256742
620294
643777
459928
611967
852210
779820
340970
351368
277324
793899
664410
562071
862057
809790
718866
219019
753399
255798
462872
281433
575504
2506
712006
840190
985547
105031
257668
77637
756216
301235
173525
838505
194096
490129
809220
258532
170823
103342
172908
980085
437055
300228
653638
524744
84932
755644
409470
113066
453591
446827
302452
961858
451319
973355
587263
343692
807547
668609
634049
378205
79344
666968
283871
438873
324535
511052
157105
39434
550380
11744
576946
901900
954500
621706
469032
62855
307668
62314
335788
731814
317412
934753
690894
545894
879053
805814
987051
391515
530454
953142
538213
627137
165693
98267
743427
356327
698651
159485
612923
928803
261173
511861
613684
808787
402278
882116
203804
96135
661487
113481
834623
544992
756470
433420
119865
845002
712784
417782
597157
169078
180808
860111
639519
173561
87678
577883
393281
340706
707873
395123
628919
40318
666345
481713
402365
104448
800758
625865
299382
605208
428830
594458
262979
986748
153823
345898
314510
839505
120556
310442
241034
378825
947692
889664
335939
552784
874630
352847
201717
944118
728154
973366
124766
690407
578319
60680
806043
187997
15710
807227
993881
856210
674939
766524
351602
668204
546007
524840
897242
549325
95027
5560
264131
820443
722337
201885
457254
567745
106493
355021
153156
827571
450900
385293
590922
773159
769838
850140
526658
837044
914368
789920
696358
343988
934345
163126
514104
907758
55915
926589
703461
727513
972079
890871
146586
395980
689000
743218
332554
780028
151807
260478
835851
862095
713549
139617
643293
652487
683875
678676
780478
158871
789475
914028
790231
309154
783396
554744
371803
582867
274425
726082
650688
376921
26878
573642
52811
519023
22271
142756
996241
317404
582482
857204
137692
411715
886027
28095
351713
383650
929107
872334
840229
977489
873104
708197
589020
554074
6469
733567
511833
809302
738704
892257
213839
22654
208938
626840
870632
947438
539607
327310
278000
578479
894245
712223
652906
648635
166690
110442
333901
669082
990040
786559
483953
760519
218014
666164
560059
370198
304280
689836
149525
289945
22457
385423
680304
285907
927316
985604
502800
267577
633558
623494
127752
32109
854250
840608
16617
309404
685294
822169
70319
627512
336876
67812
801192
112357
219439
459278
932132
193546
300424
797549
412098
537788
626891
642934
913850
325937
928568
441053
203888
785002
472559
696799
940331
220290
55443
374115
589478
725693
89158
377671
807273
586154
681190
293371
357781
684167
896678
710501
932863
937612
270265
56212
279082
645672
723753
937775
892274
778272
209978
606810
543062
756355
321604
44669
618338
633415
78469
193664
11207
586145
554032
377313
486205
675623
847397
364406
167721
401914
154159
202289
506324
167657
270954
562832
366366
603331
517551
826297
881110
365343
555349
885141
993775
129181
576937
323484
620441
63537
112045
393643
36740
914805
982412
920730
553225
158039
21554
818290
873999
173549
944745
607462
380174
284955
988727
73334
756609
746011
944221
559517
841735
290690
21321
240017
931982
921370
268094
92966
801094
21383
932356
446105
683935
101803
74254
355582
787322
391043
481403
546866
870053
976504
332429
226098
819236
459388
987650
746900
143740
510789
46540
295459
243497
913411
91637
387863
225503
225371
474784
84120
591084
622003
60925
755029
132751
651687
935793
67381
970880
241490
743009
603650
728271
648172
939395
815695
25342
4793
521121
222893
501026
417622
170690
366825
495245
260527
323419
265363
47598
924081
862669
812628
554315
776113
423759
694912
770917
398814
189752
312903
473048
318597
319688
224044
148785
188866
560154
512903
880725
772626
208551
839072
936418
656528
883502
582426
67711
762686
931753
466179
473180
791184
678843
533282
88679
507278
885965
991832
494443
842778
820006
115370
633180
660131
451496
189086
312327
379265
285258
336598
376478
791682
478877
655556
84774
334666
316030
414646
535615
402478
674277
600909
173987
606689
896146
930085
563784
571712
1720
930058
90474
708606
913314
713423
942511
54762
751678
945846
6364
559892
325623
542180
671971
244412
501373
495289
228747
93919
867796
273928
139765
241547
146202
703068
631843
267427
836563
946829
205134
548937
954984
257836
848853
752374
364619
684880
819731
237680
574461
880572
299694
878800
770871
687278
680781
896463
380735
711502
197507
554858
748893
588661
832920
413463
654117
309241
157523
75038
223012
952762
680293
748168
830406
507479
242261
206395
352611
500392
322078
644696
414622
230877
106189
192452
259609
651484
491230
8791
351970
438589
579627
313564
856210
230487
801082
208171
189355
976170
714467
500974
159253
407137
748294
495370
94190
367591
523684
143550
394585
681828
763158
318306
23621
331132
90895
812786
812584
10584
442662
669061
188585
421189
71817
312239
153613
922855
935978
123703
932586
291279
738403
445157
303445
617418
928509
905451
743424
221734
104514
610648
591274
298456
99690
80474
287379
130072
916201
701492
434991
959097
912700
105520
836919
489186
903145
241171
863413
208558
982390
125047
354644
301891
388110
508628
205171
873800
315778
891207
45399
337002
979521
798155
912472
936938
395442
364384
83782
482181
899490
647525
435012
640990
725228
166039
413303
741922
505670
430006
89795
454583
158782
232388
514196
709772
567425
512174
581278
581564
973398
224148
922290
627051
242906
331824
150361
715776
181349
349278
888856
19688
99496
300886
63449
622377
80753
486265
579679
602053
653424
984241
537953
134806
880168
242597
27173
513719
252898
188410
733704
661688
986877
926191
941337
124716
453822
71166
532141
779754
290010
829013
86193
780401
572983
501920
466842
488711
763616
44032
881748
373194
369975
416967
892810
919277
621976
702903
451008
249000
11075
911157
88934
57193
642540
149399
723974
276656
594831
915428
816308
418194
37057
91315
400062
162955
687076
984129
274586
13967
386736
592902
633920
3588
235602
188625
408167
989438
350986
424559
791601
738940
280827
695055
587905
700448
137532
798859
118274
281301
602557
664519
530394
982928
830566
30796
757687
3713
2785
490759
903948
758342
332255
325336
428890
95188
141092
844273
362887
337989
507964
247427
512187
585824
384857
256804
100170
843704
411512
533804
109123
117311
321722
193918
883552
249028
179323
788795
292895
364751
165806
736413
898452
393684
941749
972469
559543
197937
696423
401219
628013
685629
543651
855347
460706
123427
472304
157955
906983
222155
743131
986514
566527
211540
964745
162601
896979
804494
801123
653391
687231
312537
883514
500449
576935
376627
350728
812189
813537
441017
716136
458628
438786
479174
119823
692311
348123
819851
395209
887913
349459
201710
8465
904413
257402
465881
288903
501744
412253
827213
783484
24058
381173
549607
513965
430761
1153
628468
842866
758833
600417
75095
395747
923838
14509
684031
801655
931027
472774
919169
1236
774216
941445
901465
47468
152450
478793
973578
694369
192119
927681
705710
489562
418232
490023
449375
665463
336822
746953
456670
783674
554646
650543
418212
580112
620407
318838
325354
284526
128643
298265
121113
456792
529435
941837
943832
889601
980698
282528
288122
444955
50123
621296
329211
991993
492439
840984
960849
546155
307365
53644
80493
22766
367046
720015
445702
647315
585648
519866
470111
732619
984005
653499
715177
306520
679730
103829
934672
166961
61336
600775
319514
747587
218987
191372
969944
231875
830572
874878
574821
910152
128817
380243
675244
119669
433519
405926
463012
24524
869167
763652
611575
57048
230078
281238
299713
59310
809222
583879
176143
438120
823824
349432
715655
126340
60420
613947
833701
289215
781118
761730
868629
298943
232915
18875
353907
435484
26611
474202
837446
141041
100209
849466
164733
964138
595923
81703
501508
323241
125707
35585
219320
514376
24580
867408
16647
11097
160664
378214
267409
205760
244031
668220
338835
728437
423244
86536
786534
772860
416891
171475
236406
87307
582983
973486
719981
189792
6580
214166
537506
237755
699561
944898
423190
834427
100132
142171
218253
714164
915793
681985
573871
650373
337211
255610
375462
166785
87174
267365
162828
706853
311597
893589
975418
209813
852314
367620
493751
885944
194613
823235
204890
369642
81635
131358
409550
192152
557371
991957
782659
746686
711174
39949
923891
304235
130440
781438
302250
236639
782693
977865
670199
341005
315587
551670
310382
658704
275778
406063
544988
70586
154469
184822
22406
942706
770802
157417
855955
584854
883395
173455
363371
960836
826783
900451
837080
732016
956581
99638
512737
147034
771771
7080
891914
365769
350081
999154
166480
930501
529132
498228
911667
156896
991499
975646
634619
22927
891233
175273
793077
567017
548831
415257
10451
589479
414715
20568
215804
911098
87710
824961
647633
936865
960318
957160
311535
573704
322168
638421
271024
73473
970166
489525
765732
946739
803339
118838
550508
566306
416037
414125
186097
125296
308670
166177
686876
325787
544140
274905
674118
141499
82576
178613
31981
369214
742203
910864
979198
149435
398599
104077
44004
634832
197872
243822
112626
307105
287947
934542
981981
147898
994190
223368
228140
267678
203294
114820
925060
167393
954361
392805
229361
418622
386482
467708
925147
27323
430031
399179
697040
846053
904895
755047
79506
827922
756615
49505
739603
121058
337766
590150
917564
109744
142882
783130
348721
130114
706645
24704
11105
857662
484242
523556
545412
715349
8740
427642
144432
70586
210804
619469
581110
29334
22960
2066
416002
311014
64857
716610
479371
668144
579906
62733
792427
571464
937055
366614
601406
120744
550838
465476
314017
281591
176670
581389
272268
385138
514128
447671
699534
5744
575562
716844
300422
301126
313988
74483
526353
860650
179872
737069
598313
217067
786254
925438
342452
86299
945329
625075
889830
694619
333186
119792
695743
992750
971050
286626
913843
242858
926807
785251
509453
232680
717297
787253
368489
839869
30278
886356
119404
27701
470028
298976
762303
382074
703448
168587
973922
262011
41541
981831
731767
746995
973961
286450
23911
769738
944067
955742
652479
908159
453653
511780
852981
797163
310253
435586
455686
785205
182573
242200
810775
647383
976243
214307
904319
754569
868681
803735
430003
22807
767844
171888
777812
293677
672614
692695
900490
917823
969486
727676
581438
580626
174507
586391
129171
231611
751668
411174
688116
69415
38073
11215
993136
420321
142002
323516
580826
176874
531330
288938
482632
789400
608417
434065
225277
803844
835518
30668
904589
407138
359405
53809
982453
688984
527146
274397
505321
374435
284437
914165
75640
240408
940683
829038
252106
536658
142820
237364
427301
589094
436541
38587
568150
630112
872021
168305
111604
887788
181050
469812
888183
629356
756913
507462
661786
324184
306474
587278
380374
989897
191073
414061
287477
658585
635696
294070
340950
659387
39121
996370
68809
828931
590859
176781
201871
671618
127109
469875
782476
828152
321383
975301
239709
226719
849142
434049
94214
334499
486660
429949
104591
603716
139744
26118
415749
127727
728363
246703
828807
203237
187767
221313
197774
233641
906847
765601
356367
433567
666852
399896
642736
873186
735820
343469
703872
199714
221018
922957
542200
14505
304362
158994
754834
785434
345902
384371
592751
545180
79270
329933
129784
643488
626775
790333
861482
504386
849913
206849
186405
688202
958717
508718
404783
514181
494629
79490
33358
791374
356818
773932
228830
655201
197160
215365
184291
530414
856884
141395
586006
355312
917767
624487
346752
603798
636554
966997
443570
616111
203670
737575
420167
595241
351135
668268
1569
787548
22013
698330
656335
841852
194665
322272
884070
453922
931565
368599
320637
981945
795521
651156
651283
636471
295708
917349
186766
360372
309473
612460
354735
912073
442520
580662
217370
334379
381349
629464
562987
653796
592967
529220
941266
78800
317438
326540
257557
734393
973287
968681
934204
658738
63422
648212
104277
753401
456459
812994
634169
66962
450309
291454
630182
975621
943296
248115
779079
500142
257698
50097
384099
198693
890844
635867
397646
977130
954116
617461
660783
689488
444636
75276
619963
432507
690170
671084
856021
395986
464891
86185
43126
707322
339329
967722
765949
342337
29133
876578
531269
972335
609422
941832
429093
159527
383722
587443
340257
77299
356231
194510
485164
329921
637553
524198
843669
311601
929020
854679
894898
11109
544235
236109
359286
189768
374253
332156
828583
182901
817746
822899
486440
59357
98741
435710
796944
561737
886959
575403
326866
35721
243751
277449
77278
282085
67123
863760
874750
478288
721014
244718
17065
62803
269993
282509
402902
969403
411738
703586
789051
494190
426715
942103
407677
967263
658208
114232
96215
870020
850571
764444
940917
950798
896246
240592
716833
812491
202140
366347
896553
205413
660218
358855
147733
977881
585764
228457
956623
504290
236392
556195
493726
926581
466567
574954
568471
44588
637985
689579
514844
705181
305299
465357
108031
702411
33491
848141
358765
873803
143111
395539
512444
128327
394507
266395
325603
375181
367582
530479
423348
259460
129812
470957
390959
518732
304499
335134
20635
832525
188798
623743
995807
923543
869686
261453
94151
965422
453431
658495
582603
984719
562829
555285
447239
122554
466110
528579
582090
110130
349221
679419
761517
516883
839461
331716
240462
213439
769804
608356
534206
134490
514848
591956
950875
334999
355581
725680
270678
496633
675325
626629
861864
910224
749625
143811
408468
228492
176837
455899
192158
650210
855305
38760
33561
529934
599250
566727
206308
33603
395566
515566
398580
68182
90115
838266
614186
233256
514398
564538
256171
730242
584010
562775
740436
399550
274839
712576
356412
802781
118126
302371
545414
455683
954475
19319
497048
901867
790206
208679
193397
70033
414956
974079
553017
37598
964614
385227
250373
554526
692155
923219
693052
349673
598325
858068
854181
822780
129357
607207
256445
140087
911973
464533
603900
200574
112457
823874
884389
567175
65525
85615
569912
343951
192273
212758
258036
138965
111168
566682
502349
923840
215768
815139
171554
1321
438795
696293
445820
562158
118330
356715
54681
251586
388839
721061
223861
933229
957534
604486
705851
725152
301090
290165
457701
765964
112410
303023
782875
201246
976509
440873
310501
903144
738565
203451
312254
49521
717079
520411
169493
303804
650992
450521
975964
479415
307476
789257
84020
846887
325811
263746
314128
261030
439725
278319
285036
731063
208130
489778
10462
885536
88310
765101
473677
726348
161710
900613
596112
258376
11947
871913
288507
382173
251693
517221
216575
644305
759660
363525
754301
123606
39538
394157
967106
768158
343308
628715
134936
859746
905706
187624
367924
926712
135632
479871
183753
860021
25255
34296
51639
983455
801730
52644
729468
249904
29409
886461
310035
577209
820487
375209
701731
182905
107360
174784
592639
278203
237306
463418
705007
446323
963359
295405
