843092
727529
9431
962492
22570
340640
379320
99260
969895
607010
425033
206143
769838
718745
709753
442985
8191
618119
634774
276864
330564
217676
202588
106656
941042
633246
336410
188366
6799
306031
735075
225282
505157
674120
283366
448577
547104
134748
979304
633526
76619
406884
350065
736580
400670
683683
850399
378102
574210
301274
784134
83513
253945
519496
664730
990074
478459
225349
151438
469055
523589
258280
173849
688747
740945
320819
40477
718855
739786
971070
523461
19786
251337
762214
146877
859603
581756
403379
693511
657935
403004
879503
118429
93464
765900
786170
112439
56397
416447
932324
575236
264419
297412
892440
835016
689270
805849
242049
845807
564538
