958113
952100
569061
839019
751857
496506
341669
435149
654215
349952
359062
797962
780026
581230
905706
618014
922689
193659
652600
673685
194254
873436
60967
912419
235703
590282
197562
88421
787948
533920
92974
293693
668857
592678
789461
937298
933561
139738
318391
60097
422208
220669
362065
542743
303909
77121
242
56313
497529
450092
73609
48055
934924
308485
894525
671137
982837
192788
118323
548304
260840
800459
133718
969895
681978
82891
936339
119004
523607
377126
307344
96292
646583
965211
986757
79148
277845
741203
802956
707185
313027
392116
619894
616364
275442
520642
724293
961316
99966
595451
553338
301420
619238
124776
550292
263766
503649
157771
221536
114522
