603130
909937
393831
322475
912013
542400
679761
930551
935257
258052
46210
725084
193413
477892
911901
822627
662801
184756
99292
660560
959227
982653
455638
275514
366659
759762
615363
739271
69710
592433
362438
474247
592727
148381
908224
484256
622553
983130
137866
832290
517089
138702
362112
481851
209109
633684
863533
14602
396965
897667
92146
822714
132672
857317
61784
205754
709684
308675
261504
572817
987503
831231
823209
898677
65577
572091
733566
230038
974536
659277
532871
506694
732148
647345
683150
967443
501817
988789
206764
555556
178594
644041
230739
530190
398493
412513
532140
361408
787916
787820
475338
584123
910043
894741
599952
975211
651640
208757
643696
447529
930449
240898
45163
784475
850768
872377
632615
216568
190670
681587
129162
395977
233647
477861
201605
234430
936399
794064
428497
677840
606778
468730
687658
545058
947272
638204
658064
648719
363216
140596
428626
963303
104848
462714
78396
482987
886809
821266
199237
110614
282551
104879
948334
876240
394560
943504
861409
502722
560316
608976
980535
706295
534374
390472
628012
554356
520773
288959
110485
557926
731833
286521
122040
967505
601028
678246
256051
52791
16337
484150
682838
690569
239294
652301
892597
228237
654818
461390
280587
827646
706812
459012
97521
657448
352262
2153
395662
655798
879921
470876
829744
799239
22299
292284
551083
383225
405993
882447
674244
261013
733281
566882
793135
291508
721633
41192
5156
760049
554051
615609
308865
43824
368317
702622
719679
563992
816641
432323
983104
239345
996192
920479
596583
467676
589846
44733
697816
723004
86917
533043
688605
940045
535464
864559
557395
637287
323774
273907
435003
765064
273161
967762
980742
489972
507172
883908
96629
300779
548924
666460
38295
811601
872515
566590
851773
114673
285612
638891
289447
888397
735629
422635
237598
637815
271096
42194
639180
796316
557800
871695
217714
797002
808067
574415
957170
346871
393483
397882
420439
485540
125185
334515
890814
977858
952716
147109
634675
925837
286010
606423
421475
402985
368913
842222
697230
773748
374910
323340
91744
404046
889268
295170
624245
116854
190868
568362
11717
438913
83338
698400
904160
356541
489902
676454
364474
598636
429240
309702
101548
75180
27772
7229
498480
680893
113363
307842
86522
133141
902041
481072
822619
491969
627167
388417
311677
422273
321982
541606
171402
200803
789580
972023
692154
444918
345513
205884
835411
414801
958053
351036
923239
177003
845205
95663
9482
193789
149495
737392
650491
67572
130979
607898
55288
670546
674323
276182
733116
671000
889208
445064
529956
869487
493588
718994
429211
513423
340786
956306
359359
586367
43022
35185
542337
331858
943162
657650
30836
129965
618056
809384
823605
244027
820655
992612
12026
310540
258978
812184
447273
774702
162178
878464
3941
421705
375251
51698
28268
998306
60420
157873
194144
822934
661146
791109
485398
895021
935059
661701
406658
540935
11329
89368
821852
71411
692064
265503
916589
12760
872060
790541
442303
533029
94974
60086
533307
879125
982749
806405
551446
917604
480997
344763
659817
101347
190896
45337
751981
885128
431473
831536
7385
294786
478559
969722
982847
198712
925692
353103
894409
636392
697038
393259
465957
61027
65075
529192
208255
989353
78471
146954
725835
300230
707789
174113
87059
463409
260850
170647
218732
788180
310739
698170
711669
161581
668298
645055
920192
215650
464565
721566
625222
755781
602320
773671
750254
993409
303342
315461
780294
322562
786940
724592
178423
937747
363951
492509
457096
181144
978023
878977
617864
337939
373999
784751
357661
831841
733055
720452
418817
464366
38307
561634
581623
12903
98630
545130
900824
35774
275241
232945
936430
754045
399779
161765
648599
202620
70852
340173
787560
359124
479116
377326
22710
344905
873457
858760
989813
729444
760005
599769
301589
498363
494164
784638
314087
491002
258539
149853
309577
659109
999405
750979
699394
468757
819652
331210
523194
597843
425143
685811
625074
968108
466245
33370
603835
613984
857676
83202
43529
967834
500513
764012
524356
239571
149503
219368
877315
561533
262086
107912
404396
600144
398554
485138
158260
48445
48457
941420
677324
590016
186159
531074
878713
489592
699363
911775
616004
745262
610266
12911
645856
745022
2201
587207
375897
814151
563083
273840
292307
984669
668559
603985
467852
846143
162338
253554
419513
716923
927504
909327
290812
769169
982494
257335
298575
27608
329070
376327
964656
248803
1144
847411
581541
706897
15988
622177
193381
597389
884231
388832
82275
618924
256426
83248
920907
906528
170466
263962
797041
806874
600766
819249
435877
260829
641878
440615
635851
909131
468176
925356
750036
592591
241257
455966
184579
687072
914852
245593
866600
569558
25689
655674
822689
208633
633231
322274
872190
838674
851838
807151
361551
507995
706501
719585
616007
684275
428520
937370
599247
347838
241323
697302
113592
696613
614419
371382
549904
685064
196914
912844
137690
533613
566235
703738
735697
303614
169422
748956
935310
720667
849719
162586
347908
749831
13593
728426
126373
127006
172517
216795
887096
346646
444627
595131
641947
521562
436125
317169
636401
681074
249155
482532
553687
218543
513087
682537
534473
932620
429285
722959
729508
624428
921605
463523
344630
739308
841169
105167
289591
635528
425821
871790
905257
408280
110163
510963
326639
820282
849982
446756
598303
24907
186210
964865
900411
602185
388127
392134
467906
150420
787477
490120
294049
202976
425317
311632
772934
149811
197352
696733
181565
661531
557059
275247
56916
184336
681696
347474
869611
170070
25568
671617
70077
662986
473811
292575
663558
587891
448114
388318
935881
301142
489667
811125
14722
142500
192612
70976
550446
533842
353697
301628
986560
451621
54894
136459
730959
328995
281802
585566
429889
792779
365198
167442
60868
525830
154175
708192
762452
576333
658204
956759
639776
202134
648996
367998
945659
406889
410574
93135
721260
539142
822118
680331
130842
362635
762867
195205
49320
23730
891685
82191
586269
386551
936677
50675
711572
162023
920597
531251
411888
117742
995449
407760
944693
58114
554968
412612
798390
207832
684118
729046
372404
909337
535686
947893
804138
214208
407806
868713
509645
897548
668066
681598
471063
281250
44718
137216
709433
761275
650266
302170
987889
591202
138306
927284
8588
194763
711116
471335
828573
731661
286153
427627
591708
798532
503700
915536
356946
160206
887592
954262
666797
451841
901239
119573
988238
946873
569759
505764
507174
440683
102312
622430
165208
348556
579733
807857
766474
112873
433860
105556
889935
153675
144051
32555
808523
196462
603588
829556
585396
323448
515794
210954
834322
725082
577194
132067
292104
109311
538953
668159
471330
521880
737842
729987
450013
422345
213316
107510
654966
482810
40879
879471
448063
994090
28894
968125
471160
254074
956509
463081
676014
514445
977960
305153
62880
354705
279813
801690
31246
106078
287090
329975
646126
30644
146624
975018
221685
280802
