840641
734779
975561
854059
704832
862930
202793
896179
135464
832664
489461
859788
987019
255946
99775
158109
236833
827306
512451
175185
589454
133376
128585
442233
669560
144328
745718
634018
749275
737401
451861
938744
496992
898260
380391
948998
713992
755280
466944
240275
830474
950166
669183
132424
529789
751706
183381
991166
865234
133682
977451
579676
376584
988015
65213
278469
494497
487371
437949
849159
916852
663421
334422
713315
543809
425764
799070
346649
525220
755269
342365
759123
585075
970287
573869
5873
58335
123796
947775
193985
36566
581738
182708
788770
521655
327698
830714
698218
12909
963542
929243
497813
416267
715194
825382
582303
621109
569954
219625
526963
