306905
830821
408927
837917
898776
535966
192280
703987
993298
231550
936147
561316
10971
552988
172788
53421
572790
392656
749199
592185
434205
145396
578443
297841
775434
689529
349633
572275
592044
145401
150282
937347
706679
645042
536422
145067
261247
41245
914658
947250
211251
984593
938878
413576
944601
389395
215617
819738
119292
721818
310706
912166
219357
803182
467005
9711
974180
493921
459592
354507
123468
693663
804871
84772
923902
153701
537682
894909
762359
368517
283072
195972
572794
324074
127005
170540
379189
633418
889665
76742
275047
489220
253518
72262
184946
719718
148385
729395
270502
462688
139385
582128
374383
404744
164879
543677
766467
192933
631909
980258
702152
624015
715902
423273
59880
719695
387741
318408
623593
268044
516444
112182
708961
794326
274307
396785
330250
73540
119837
105455
243940
439455
403521
875684
610137
679577
365197
637914
191692
733694
637483
224058
344786
515113
202625
799355
88714
197190
436457
523715
622902
64386
4150
642064
300598
233141
734562
758142
263689
271791
481611
459174
681169
418650
72125
21089
254859
391334
504925
514453
31975
491098
826055
947007
454045
14275
930705
195986
676327
653043
260475
637589
161362
844223
387381
474258
925489
192600
851002
428749
542721
42785
705546
172693
627774
309074
992196
499588
982501
298674
714271
530598
624578
962972
87187
239714
48830
274861
772527
720456
910472
477981
911379
326730
922842
246275
21131
475912
951671
683063
998278
624557
585541
439505
163888
17770
150392
233582
88450
827702
866453
612335
957020
670160
262733
16456
970630
582468
360570
37881
110789
181583
726539
6108
61316
569493
485584
882113
947808
353514
677680
776032
100822
138119
712731
498546
534806
801557
199055
599038
678342
927328
427196
203075
744156
139217
850412
353066
493234
360875
254088
293657
602278
592176
589105
359149
347281
166805
289988
447292
797935
643381
167555
806760
89841
968910
35053
259499
526740
997258
601291
596861
354684
849601
250214
388174
300287
418054
695920
871437
430418
637624
855991
612434
989446
257361
476575
609021
481652
67743
858286
217581
252107
1290
202112
61077
279222
824591
297920
478462
917991
783061
38706
379046
972770
152730
812085
81619
139018
170299
618215
55370
734653
594475
37085
472351
127759
61599
647366
640581
730566
189549
510170
250342
963943
914408
343516
934591
44914
277954
518809
224782
268224
567324
573286
665872
782453
803610
389390
780303
529207
859399
92325
581424
177369
254489
320653
515593
523409
337513
528595
868819
702468
481997
973258
262101
455418
208659
866746
195727
490023
117458
257116
613755
127516
248546
566154
230538
157596
801724
733401
318611
882264
559834
690733
766362
224203
395094
113717
299285
816765
690582
90831
95948
364538
670109
750691
747926
900169
80517
402817
897044
863023
556562
531763
795442
541388
408003
704323
421823
699721
603457
605473
590852
278228
627278
356199
139435
952971
780306
918174
938192
618746
409752
31989
663362
241266
8580
875601
314205
99009
850580
440141
144932
839440
232005
561983
385768
257785
862321
761070
974751
614169
241962
22746
654174
837547
518846
569697
378553
379407
252879
924264
325062
666711
781224
231443
886728
448447
159234
843591
696623
877374
226534
456906
467422
767255
148785
368812
859496
649419
933307
413762
222672
363368
104341
759361
384730
681725
827549
631259
465889
908154
185710
291255
901726
353933
308278
519899
73574
948768
602265
281120
567447
348400
144942
832324
587378
220770
916722
890012
628990
431380
654176
691146
500616
612558
728349
205072
441376
958655
420508
706160
575506
11168
800372
86998
587559
54786
144960
930313
363945
612317
519998
547000
72848
854048
631892
724271
520638
643696
530141
131854
179372
41955
683410
478204
67476
108054
167629
863112
585148
474044
462021
720772
465192
436088
139624
610537
985356
427401
118897
708822
763787
122046
200703
619036
915788
326011
706317
729273
408477
751100
694370
32527
635348
948266
837414
163164
886623
908721
640019
989644
988715
79332
929417
698067
283128
898663
855140
647520
644795
78581
180646
63357
265860
944751
874316
985277
827740
333783
76334
769433
166482
427657
45331
979232
565368
655531
392122
125400
64327
330260
943736
126488
84263
125303
653345
914218
405053
732305
360521
183479
885904
626213
723272
928742
304656
871551
491615
610237
224254
281395
479051
561918
843644
337065
827645
264145
40041
822371
601742
489707
320449
708798
794875
479434
134667
926714
592063
78619
765010
360989
404254
515928
704569
88811
133981
509961
521371
616391
335568
438168
226819
368868
163676
267450
65274
414662
692091
30655
259172
474161
919376
832035
167105
789938
833049
495050
875190
105444
335344
859209
365019
188326
723085
872515
758764
917105
429773
78905
700397
272124
56450
876227
443760
164487
922714
923037
30915
352693
104924
288249
662948
725036
512206
391277
729737
774853
446935
795005
86512
109614
365635
691570
105419
619802
853658
847713
201508
744231
12969
829810
25539
152039
739015
915265
440702
112655
933764
476299
214889
705938
397307
355597
793769
547689
294414
761899
693746
946267
575988
4598
954959
239815
335239
628984
605837
724696
103564
808370
34531
945836
594445
682241
58926
750748
580841
576638
644677
399688
538130
171571
54846
603372
805528
411541
278892
493117
18492
899998
142122
195277
464385
670341
301051
409328
141742
185218
341940
542444
700028
103255
774027
631265
360659
676162
807483
170079
504853
719110
52604
357830
914847
278797
491866
690955
602329
103614
840308
538730
956862
270641
472343
502560
115247
832072
963467
458899
606151
96900
17890
614340
590090
364222
164621
40767
959331
659715
331187
901500
616705
67701
354523
903587
871461
644329
311581
942685
306974
922317
921427
308532
855478
240005
462204
944337
215979
475195
31704
759298
56750
52762
479280
607007
910676
129411
714795
766383
120705
534839
412086
934114
746174
492381
676475
998848
745552
792582
354434
989750
675614
552136
737918
835835
213889
317489
620462
454734
492534
387778
795348
395248
343617
410010
132412
14047
732182
373809
22706
210686
831730
281634
67692
6931
927963
967735
179698
677344
76404
621781
239379
755413
769860
333513
514316
582681
283956
942361
545318
491521
294902
945580
791104
136797
670535
82545
41384
607196
174223
336694
840966
162117
573095
281441
350089
628430
709734
31898
9377
857790
457887
434298
415728
160282
615626
923002
957900
626737
740957
504047
98209
135849
512412
430528
763665
694551
127948
671764
203736
871341
818991
975965
696237
709792
400886
221067
190684
217260
106786
375542
566240
784221
148677
494646
708103
323398
489314
848622
20571
324693
981804
879743
687025
688286
775904
996325
746704
263693
739318
697825
294347
479861
516317
567194
785710
446447
128022
966342
114716
469014
170434
841929
611342
841262
168165
307719
787846
764148
642059
861944
77188
664741
609358
757919
116726
262386
141764
205710
726231
448589
172760
723939
49484
255736
621000
776675
493706
510980
745191
452745
350549
718699
744721
691735
377049
140178
87009
792371
544779
920375
791739
502790
179315
167429
670905
153915
915987
701073
980
11794
305518
847299
691909
567347
17140
996826
910013
94972
863262
899079
411230
959868
500046
734819
881146
852349
286538
649047
306715
841170
660106
405434
824658
899118
711841
350170
317633
343835
880385
549653
535313
8547
125987
241770
97591
187434
565848
631064
190525
870782
880093
177115
126305
422824
943851
883553
301023
580449
191270
615799
552189
871831
453990
999495
566916
58217
643527
714552
608730
239275
618828
409784
588617
901650
550597
296107
409994
8861
116994
462875
605706
201738
237559
401922
245556
84930
143444
605532
246004
392622
950282
140482
482434
383285
767635
96207
998080
47688
879183
996121
920101
34996
556779
924968
997325
233362
549486
656208
64533
219250
741161
445911
101562
423103
461785
421563
502342
209850
927863
171318
562341
331810
154742
368590
540263
800180
328635
422570
481495
911007
478519
685306
214911
186266
852420
619197
492775
89840
654112
273250
14654
679737
525483
135225
371369
630729
985432
413488
765024
981375
72933
473025
778162
815406
190296
749463
293066
229728
873137
271143
144104
348585
126943
202158
49595
673131
491837
531433
573762
131884
526614
589225
576235
992421
599243
246423
473170
856153
414409
165867
886144
163762
905408
479764
95167
36298
372299
81202
268974
190256
843184
390931
580462
440189
912475
989775
621236
598064
872368
298825
312927
939864
25867
869705
627804
365437
823152
639639
982070
193188
906180
318178
554112
400179
288044
696097
448503
874035
679494
758170
714262
344736
402241
841868
804001
2231
307452
763152
680421
336846
199667
369827
830984
726410
487279
652895
613292
68885
155448
68108
162812
868388
586632
147123
654997
121661
969259
70559
12056
98754
768125
260220
779846
252055
94506
928902
520687
284718
867927
35893
77079
186277
729339
870897
335508
462636
114065
311932
170611
332911
400565
733639
245099
657763
361580
231005
473485
992153
774021
294303
412975
122966
890398
8594
53167
212114
278758
511962
773089
722515
420734
326007
205877
619377
424894
267104
46544
873680
994487
940800
873994
283063
152963
85571
332141
43934
646807
376444
527790
948571
575875
655948
658912
748121
457770
443274
763464
128102
863879
10903
930052
805851
77167
409319
41069
381495
68393
377734
10874
417454
757585
619467
270847
482188
864447
575040
680574
506086
110541
364398
941875
87226
497001
335595
411508
552641
373926
275228
968069
796626
780688
810560
945481
14209
172300
561776
979219
978292
228920
914225
636873
490190
307822
537014
740713
547763
852215
961996
614304
259537
749019
301560
364390
929515
829568
645124
880967
523082
318901
989098
848538
938042
536261
766842
21957
296232
245892
464595
922717
487333
802621
140785
739419
880300
91686
778466
168201
155793
124558
336174
611535
715842
144371
776526
731512
217456
469592
768262
105803
340990
754593
468495
903495
267555
39283
232205
432916
746483
746137
774244
392260
113428
415070
908746
151668
893858
267942
214712
896537
471006
56822
651025
5345
427292
526935
810462
193799
394901
82987
85685
216377
518217
628185
551067
978765
989615
477377
161418
433685
517582
494296
183143
272498
329047
978570
768943
934932
808958
195354
39214
15464
690061
17310
286222
81389
624619
542113
284711
958777
286548
653639
239733
613806
849607
86161
307021
559620
707487
857462
133462
204629
889058
659046
618359
490090
447628
170632
591698
634106
203302
301390
720444
802369
695995
622590
403126
206100
37937
344091
388079
740420
230417
937843
819417
937890
257304
572587
819623
851588
264298
251835
59936
142420
213908
573563
223877
913271
812588
449787
354620
96155
346834
946350
603113
134358
576534
534534
274304
212939
186927
997008
260110
913056
152238
335348
954041
361905
483644
164513
577978
986237
274111
728332
49986
632380
160596
85262
101214
873180
479790
233892
570060
172595
911161
74841
797407
201030
398743
430824
267176
645246
205478
111739
458138
144002
541940
413170
426837
479017
257139
770960
582230
691784
861834
812492
109609
988317
243421
498665
882319
652491
787064
105770
992458
905463
176548
55618
894460
620943
111007
541668
85160
256860
913585
835617
336797
404581
858195
335974
590892
989085
49161
604895
857895
963977
504564
82525
354204
283987
259540
423723
796630
737466
324848
194169
207588
284095
651539
222045
717838
470999
510671
205924
588816
185415
172611
834898
879047
725516
795407
507709
11112
191434
101874
696220
816153
675971
584183
861019
75455
943872
30912
787531
911921
725688
994917
790513
526728
175355
827169
281910
254946
146240
133041
489110
9569
93663
8704
250871
90216
622283
798195
860703
219942
70726
398760
336810
594736
794500
752775
173377
548659
517382
153393
226713
983179
646061
814454
763185
531220
465596
641232
249956
689444
639935
497392
175073
933540
124730
281036
710257
140880
343239
738036
686316
618585
63942
375587
759597
19110
117539
672688
103300
581785
67074
227245
600726
778479
67671
34411
559967
504823
112319
284267
955762
783284
50281
493178
585126
1870
63170
693395
615812
352592
877323
206368
165655
979560
790676
693585
976294
230981
693263
268860
267512
485531
589011
662611
316009
195426
568126
298141
666336
594870
796342
783634
666771
821879
752221
842430
492590
812613
654875
185847
288046
262589
464213
131025
850579
901409
154439
610515
475620
820949
487114
288451
348094
221555
23803
814602
478186
548891
706785
351115
324705
619985
899826
222780
334013
59374
847883
663009
895825
234423
673855
25094
591169
798003
213706
344159
41650
455511
425247
616524
231200
254594
291330
669027
87030
761762
562674
10087
251997
437836
50419
9026
856801
909078
972878
671616
467208
218535
230842
565920
121133
577627
890536
121553
490218
838469
67426
573436
283885
854620
980068
313239
729550
660343
169032
355085
931798
863585
482471
50850
142395
500207
949974
25195
747133
207197
850344
645693
198634
264647
804238
220623
391907
861578
647110
101447
773296
83942
512048
114585
401363
105245
283583
125046
507345
925567
123063
328736
371976
281998
805402
18435
888696
156898
271192
220667
911552
600172
239213
440516
473633
437928
207330
378415
713479
178091
523334
475902
360867
221672
729213
273827
181439
693186
975108
260102
678040
892644
399576
37312
387021
716637
458451
363858
604360
682637
747469
800078
330351
773179
617756
807372
265342
309203
533433
495375
788971
729698
637980
735026
259347
816731
607070
759673
593660
681302
395807
95159
917844
855581
340414
955458
159655
582628
397471
764587
898181
815895
6076
812472
739540
866409
611236
782906
864344
966591
281258
840245
829384
161721
998322
801315
876189
906462
833286
935339
148984
403877
73094
61830
954127
531116
931886
3963
539114
452974
552709
565982
412629
393229
670351
511497
28300
415730
334604
972508
640301
560001
199699
68151
964143
478992
776186
867931
209317
980213
342300
116245
73539
237838
131076
646137
373970
327666
556167
51090
468633
217468
624907
272574
246457
474934
507498
327273
549633
679370
674587
736268
144748
53143
118264
485231
998198
928197
524141
992490
678455
190700
931424
539471
137802
359651
985599
745272
698634
329120
424759
971017
745393
833644
314795
834177
786118
410945
392179
340529
964661
804188
129478
652104
619098
915029
323581
197225
385080
946577
776636
153886
153355
843046
401085
501031
28206
866591
994540
782269
449959
715171
661021
822040
877654
806583
563326
969933
343750
135468
50385
917569
37227
421979
337979
504014
189530
422913
437166
864035
2772
651654
915609
247076
580537
497251
535656
122150
101132
808894
229705
639613
147647
48934
180727
930783
656626
53837
866621
611134
228781
60298
30562
492728
288161
820438
116324
833539
202605
266100
717765
501760
947686
214552
505114
339625
896326
794071
704434
593813
738695
932765
464614
529388
658492
166449
688316
481467
415144
999037
238011
219011
699018
467553
693700
971028
932958
154213
951718
583301
836350
54113
558704
69357
659337
77490
514883
236287
377301
372998
676123
864939
891726
904048
278214
779539
795345
641698
800508
563336
435596
187069
289623
993542
16256
991718
353889
879561
340965
741145
80030
457786
359549
958150
23046
373747
74653
258375
540017
50673
658861
54910
531515
773493
368296
817628
422274
543247
224736
36962
581652
179100
962703
109078
113948
302421
901023
259409
464115
174305
308835
398958
115584
715179
918937
18447
817487
765725
577782
664851
833564
355483
805989
433055
274320
390422
55047
914158
550167
36666
607171
852272
992994
688521
445138
728643
990000
779912
32591
601540
864108
921410
159243
407592
849057
137956
90186
244955
406136
176375
153026
252958
355014
7916
259660
331069
928586
216911
552637
346324
209349
594370
308877
336526
760488
584049
133231
494850
864948
377792
157461
668226
661725
745561
37502
532987
510937
840025
652367
175327
876106
94798
564234
56411
66527
600797
836562
506226
110623
993844
535694
903045
627889
379047
789296
205313
439902
962347
592941
42268
830301
841379
757926
165445
898336
47163
484502
506065
817165
815355
525053
581346
733602
865544
610115
540035
455831
706275
384088
300289
877963
592569
449705
316224
208018
628524
759067
193657
239294
431612
846611
766098
824477
823717
138109
709669
294800
47491
403587
214405
171908
891253
948285
817374
715823
506544
322667
875511
273275
7614
298648
672374
255713
116101
670012
424367
600168
495483
857394
378768
682229
78957
858638
46105
521568
410910
607338
425244
921002
72678
395726
592757
830623
731024
57382
429663
957636
637637
616761
698931
583048
912214
888947
42808
840312
652635
670488
478212
995332
215778
193745
806748
117204
66443
543281
636767
849024
239850
303757
263361
327301
923154
677214
12969
131119
129647
650667
920187
7004
976342
471297
134098
659366
41509
323157
790433
697425
83793
519707
726831
685006
428828
557814
239120
782094
519897
103114
834581
500076
202805
912841
213355
19534
561475
765152
921292
225583
616925
352810
606376
691069
884685
133779
211988
775471
141782
103157
4747
90649
964838
591442
470855
853224
506198
559150
993106
576168
371108
691601
953248
643358
937864
64406
747320
76983
107977
505634
411392
152225
237002
604573
396093
68835
303008
266353
82822
181143
320759
799166
420131
513238
218795
318187
787057
901697
588983
579083
522034
759318
233403
999557
601727
875878
5331
673997
101477
580078
58967
446388
79921
751992
495132
835704
114318
634135
452496
501464
56052
991288
325865
138157
286322
637015
84006
43435
421268
272681
503552
207972
847267
282395
911324
470937
731518
412586
740099
627616
387104
901850
541478
765605
576613
839737
195571
289934
643568
206021
811991
410570
679761
690761
572117
754163
6489
795961
439041
78810
353667
869045
283757
213982
700707
14268
738219
807908
328291
632424
997422
683408
405131
457455
973938
536321
548488
152170
833941
888126
248221
365986
800513
798655
778820
273848
246487
9921
225308
274376
401922
376867
817856
924389
380872
978566
678116
285518
808746
732550
21087
202216
37905
76589
993987
649714
346474
489405
82785
357047
821154
263649
315328
829860
298593
712025
9080
841042
293857
694456
607080
379549
754469
495423
869906
663005
386542
247550
980643
109988
916670
65747
143911
889000
63559
436536
648056
193216
503355
294784
983819
338568
744461
508344
848543
711808
404852
330592
888714
240501
676020
792998
475884
481727
622110
569964
162450
400526
619172
435765
19184
433076
378401
282622
576842
761806
744853
380486
878928
978186
598793
828977
839017
341393
590594
667483
604686
13112
544122
19759
387099
451173
881744
737769
217527
976967
999332
76083
940238
89359
40232
80223
757003
808430
458713
722502
977651
105021
416938
823329
489840
865542
84346
195551
262512
710521
292335
519226
824624
865670
190483
86877
622242
140185
324735
629223
37057
519996
383903
184574
215233
452861
986706
229852
236701
583910
426744
431660
600230
283508
69805
612523
762480
118413
518051
889095
435215
177757
247930
191867
367744
769084
318961
401271
332279
667142
119663
283143
371994
590251
573712
35405
859743
721455
928145
921602
369697
651039
453853
90234
300089
135040
159885
504594
436636
91151
727278
388309
135707
579818
472044
454805
336265
458282
956798
791111
404344
164394
858333
283584
983546
971328
408813
401260
995376
392921
576356
206275
144931
609344
361729
707023
603215
514893
106759
544198
139158
117363
773675
922719
52185
312613
38710
854180
669290
270466
30867
614152
61094
332283
854964
668569
377148
947112
824384
710671
508798
532762
186280
42423
393993
937233
832292
18393
177651
320553
292335
477659
525978
619072
597672
511915
348129
169049
369754
690354
253509
188481
288096
620540
327340
149651
898071
647493
980360
778695
293056
114222
154735
287228
443899
209581
816702
950824
87689
281539
365877
188004
298582
537724
628354
294901
962957
815282
748034
612886
511998
872051
496636
357058
97756
578027
289154
918807
629948
646550
677271
145576
452893
425067
823242
562621
57850
320631
242690
159186
568422
840421
358028
937736
452785
153527
864125
223488
981976
531814
557398
958682
406647
313569
623251
205217
709214
585258
394739
18045
598342
247103
609966
791851
533503
377290
422846
634799
128519
438696
731489
583871
953222
208510
45572
972027
911943
178798
216420
422300
757203
502805
145360
796717
694757
24077
531004
882452
845222
430421
468322
47686
500733
593245
932368
718986
760980
699289
396353
264094
742970
758734
519116
681828
854050
743277
989736
296883
164657
103675
277519
509972
44544
219814
954295
917836
362912
249797
775620
226438
117565
420005
470483
297952
801922
957967
769976
704015
92269
914251
725916
910216
311512
141840
323287
123648
906380
24922
441889
639596
312214
356076
546130
424834
160030
401773
9628
849223
767642
603992
22052
830369
297385
902826
556708
820023
903872
362265
845176
773643
373017
568837
695787
936312
423559
776757
553295
626132
974043
82838
172017
870435
76120
367370
274080
430606
994403
206654
81609
575391
191093
401534
497429
555301
722323
343584
168809
240080
318758
220667
343855
105926
885452
714948
450614
164186
252858
126315
173959
845767
385238
993013
387447
21988
701939
444781
447302
597354
751214
562046
961576
411037
217643
343202
480728
570720
998594
432550
756687
545766
192426
61967
250415
877240
674912
994168
376809
115058
797002
310218
611370
824649
655217
272295
170812
356088
476315
622982
682553
145824
43374
415692
701061
296858
396059
464668
536384
787493
873464
165020
441633
699422
824967
711947
883205
816368
283431
682620
805866
298530
428129
213724
94657
667974
382436
831726
475123
124030
772743
489437
426878
581912
586894
834905
508983
55417
46317
932516
759255
739539
344639
122950
342018
980131
324078
679184
681976
86040
831368
783000
523533
584391
225919
326534
931787
217172
424443
636417
629792
147228
628629
954892
649408
209223
688657
905875
427892
284137
438090
904033
354204
825784
12181
689095
543521
521706
973152
898460
97374
660306
913153
361462
276567
68225
478590
3304
997740
148925
426058
624082
115581
172038
729931
442248
784708
184783
947889
286220
187600
2132
524091
59250
117187
753170
182270
783654
44058
316584
533478
689021
354768
936329
117926
904013
596159
295284
174478
427954
374961
377475
676917
570061
535160
51716
825064
130025
471185
602398
627844
351111
31079
909931
991632
530067
498614
766524
817683
866417
320202
944550
906634
645257
133532
880835
315664
678553
390541
596560
398720
25510
546558
621604
590631
43238
361535
907011
293198
152066
839937
180439
972569
166734
858003
481581
51610
852288
157514
293705
49362
766607
513985
77488
69962
250956
396577
299548
642539
981215
635849
477065
660223
800846
58933
415451
151537
63635
2482
727735
237213
144510
458603
990734
670490
333149
249541
952860
940377
70102
940384
51616
591980
184364
339814
945730
923602
449106
672876
498971
271503
269493
539478
862107
396917
926887
166033
265717
685638
363245
448521
765546
927314
419585
739699
105947
115119
177719
58031
136672
840829
661483
667856
764377
717257
565867
170526
565935
491039
951347
252300
105345
841349
801977
742434
506234
580382
971843
61835
183442
115211
345134
573467
465673
388936
839403
184478
431411
44515
220255
516944
171290
227330
970390
378669
707321
633887
173513
734355
613810
874097
201841
944049
944809
749476
214086
748079
546031
201603
660927
109024
275985
919995
823883
355073
51040
752217
748639
861658
823641
789748
147035
659067
967291
474633
452553
570384
976002
451989
41329
989168
385363
895801
602261
137957
43712
526189
960451
862553
128126
223616
212368
296917
816819
31827
964942
410068
867010
541523
760494
268401
617450
456066
909517
248499
663345
537142
464768
31348
958440
805778
711826
130204
829698
753122
878133
500018
650255
900178
44476
298519
761122
751099
860310
387302
533048
822553
922829
171511
950935
239557
712393
805935
352541
572786
187791
768165
886393
881089
941379
225829
456708
343390
138891
233628
860436
518098
85934
408737
804611
692159
554373
569373
839876
720813
343358
290553
539890
671199
111392
622625
142220
392008
780629
200774
707428
827100
114234
633362
578347
234823
609849
149834
877695
102765
88569
678291
649841
27388
715721
252186
331988
637608
113525
587965
281877
518972
583796
283855
804239
353480
421619
501909
360586
883943
658234
341621
696430
688254
390644
678330
568255
737088
680512
736123
322038
789946
546215
131372
633199
873583
501468
664925
908618
7603
206863
500321
116189
57453
688476
249336
219702
596364
279804
52898
188663
151757
970687
975060
733526
826840
494571
485936
148563
188186
984684
632400
419544
531291
673917
231609
296558
330342
205717
655285
340676
726917
681849
154803
26880
755612
44751
315075
654460
578554
571562
357906
968350
784944
833604
303900
481338
167901
910975
906987
207301
472692
560955
543425
667925
485617
138648
868430
922910
518195
371863
886320
379748
90734
8809
496811
812378
877260
521592
587148
380993
645139
327096
874354
201998
903427
795530
510003
342012
758007
403538
257064
217078
501317
667962
872692
12924
259875
459225
88562
988315
665592
419154
278958
427677
613578
983408
602919
672387
675143
520992
732873
855229
492474
551063
827295
983994
3144
112549
932114
504906
28559
705712
393614
701649
639175
899781
673002
836512
914921
751778
226418
328661
741728
983688
100444
682753
121186
24812
922952
532447
695164
639471
497490
403789
275435
329451
493181
701419
789191
597767
715941
35820
939243
130498
28873
52216
785571
986688
765135
589635
388519
124830
815367
878671
670839
336071
399311
5084
217819
990126
386638
421074
372080
37918
266163
446704
216746
98509
225605
523297
201093
286990
669004
927455
635555
107241
980726
861554
884922
729841
817980
855278
330191
372596
196219
95680
82239
849544
128775
861835
884735
406777
73972
962880
731029
236146
864025
836843
678337
718966
5028
929654
615269
890612
649771
910113
253614
616491
707620
945631
246067
671609
102237
10253
182433
144338
87370
118970
449840
834109
39199
418495
463612
609666
366546
893432
462863
479268
441464
527137
754014
163801
252895
100994
196183
723376
811361
29778
696579
431437
237135
281193
425368
621583
860297
327159
994311
906139
924288
841126
85836
301611
817127
408581
960717
536784
103238
508527
464357
682605
137872
631180
931668
967503
52125
498463
808233
120900
910106
528411
210876
936490
973638
735556
837810
146002
971535
922049
45533
328331
235267
188689
115487
495285
2993
526488
958586
67159
58131
525150
312074
724889
22906
675123
966071
991619
662176
763306
599119
827853
479116
923419
555375
316544
180189
827582
581953
737184
19277
910375
784051
369098
477072
937475
591170
25692
428838
605154
592903
461504
325128
60616
627141
348265
623843
731806
279782
10363
940834
306026
364997
233274
261097
144560
708249
151036
159415
726815
615747
362048
18027
892057
546405
179461
249101
729973
601557
604851
375634
966294
121201
768221
730806
223012
677677
992779
38812
489151
145284
646853
368262
632267
921490
379307
53078
620912
72355
127643
35998
860186
982675
51884
323711
561712
257725
692324
246427
996601
900380
226610
865932
932192
494783
146865
327107
659647
223147
204117
732154
944868
266314
843153
221702
757676
753995
635898
437524
696884
691963
460387
748619
721312
352295
509050
169018
496738
751430
315770
949979
663380
265620
768408
770257
598350
88174
370927
955781
102602
901973
108297
294821
37781
990795
529408
691329
163048
95045
939165
654814
713159
380649
356478
994357
35512
568666
367753
541984
636324
73332
427817
739285
447131
962362
96210
979642
182273
484538
325763
780370
75110
16298
819022
14335
117864
364184
651367
687887
919254
787116
663308
469786
323336
533723
875327
891599
116045
366347
760950
125872
15428
804229
760389
836887
857158
797085
638108
216775
886941
251445
11985
928067
120021
751720
933376
804708
769540
8357
823397
262378
87916
718819
173644
122762
581183
707948
418925
92783
708883
838795
709034
751288
137595
902089
451420
172217
878834
781815
754974
708680
943736
777143
272538
961987
827681
786403
714159
951287
33487
245798
142321
822335
683443
457502
989126
789350
107854
415483
257193
40340
727579
109093
882338
580358
145483
310902
556673
838765
693193
38140
493454
890880
102522
940527
438539
281790
679096
261000
674143
150822
414266
440231
282581
160530
542584
323338
250724
996674
259411
440433
840418
534748
11261
95908
737280
1015
267756
592312
207187
429543
995214
581711
458939
109406
926301
887544
592923
370348
126595
868314
667445
298050
572496
313578
719685
98167
882310
679446
44909
673087
604392
344876
491913
638187
919830
376681
953601
401806
848348
447736
37546
644135
541538
953420
782836
424878
110113
945218
628481
123674
297960
135797
928045
670997
498596
829205
819661
63204
368577
701066
346093
758389
112770
561504
356588
663669
727790
717841
822357
91566
492407
936109
356155
84873
307555
84951
673431
506163
197470
337887
312698
553017
885658
459709
882474
488389
639139
597856
218507
55938
48680
346111
40130
430524
938313
255842
497860
132181
842855
366965
232671
856398
455749
51334
987988
595711
802746
968549
359139
102096
586840
903559
208261
405511
408035
593260
970722
249385
881532
243606
767673
184700
711775
778029
331932
348679
683367
935140
338301
457653
722621
255690
526603
901398
882456
289505
265300
977821
460495
594569
318612
391608
606128
134967
272783
71508
398459
830855
660371
326616
484800
457370
257107
203627
903545
604344
47879
445445
46727
458077
511716
849229
511445
990638
368037
940114
146830
161649
313382
199786
975354
429067
938704
491298
818812
330272
948319
158185
896704
573887
649372
273277
741538
251517
303765
815762
868261
984410
625262
137515
163033
504843
678170
845623
973086
612774
787794
621933
469977
753236
620074
578989
794861
297795
892171
746091
263576
354593
962094
2096
268302
536393
315141
697383
673341
606991
575126
738358
833438
323653
704803
243822
199782
250793
438494
980527
377667
55663
288119
930903
440811
271781
98073
56573
774143
929007
253223
524513
947295
601145
734534
589286
561789
262917
430560
178773
246724
991694
42911
593193
897800
31229
96786
740054
815694
431686
239482
157032
474383
410750
673206
729562
318203
332866
985987
923474
16414
147617
210708
62253
380073
246614
300273
889516
606276
691734
524932
41490
718395
919880
221577
647220
484201
959374
171167
836813
923794
947186
642026
812218
749571
86860
297787
578718
836513
211752
152072
921814
46529
446067
357173
116832
77743
762545
128322
806435
141601
46728
946247
728200
827369
763324
161560
105859
986310
896229
828778
137535
145233
446474
747082
397938
972012
633247
125171
425810
605935
351007
12219
188115
433892
573128
869094
756019
245639
137130
260492
697064
382650
304082
124002
858546
674496
806074
671711
951010
260422
388225
174209
338296
938641
53930
493697
784861
728842
714290
491789
860022
734227
747739
597024
67227
402140
428762
454344
996149
607551
378148
599560
906666
983121
337562
867089
860614
941709
152039
359298
270117
164509
402033
451765
299696
419100
456109
6069
292172
38255
426822
191546
464379
911917
669010
705146
136830
941709
170623
843607
507663
552261
532821
222918
817702
26261
398516
269371
81870
877907
937856
387302
652759
769325
658215
870068
119220
896014
219823
211125
627372
587982
446296
597448
228726
232008
941390
236502
436347
394968
827081
820873
532081
373835
4459
745336
817387
811971
747713
527132
882486
237783
419113
215153
743967
663809
768731
161638
438816
554691
904833
623198
842126
745765
928053
495023
781512
859430
85214
979621
171218
715234
987671
55902
145530
890099
687884
855714
841669
697846
17953
412986
910723
554881
187365
283395
775528
615211
921123
246162
81130
209022
62008
618443
238984
236783
651245
212758
203316
130927
402079
621663
900564
70693
468110
600446
889993
289231
131205
325439
698327
813114
416528
778623
666370
781393
434117
584895
345113
906702
625617
265679
198657
149524
153216
369811
138418
429520
210566
568082
459379
188683
216767
655231
940348
82414
540375
946520
326861
624906
500384
345472
657533
872700
126918
206514
324389
100606
218595
893425
565560
61107
401386
805268
168684
548758
582559
6420
232635
577916
187782
941335
444071
820328
60904
643401
305888
859286
119768
164043
172496
916427
379729
696757
415840
860151
242735
13550
846398
999459
4158
51033
154287
392828
624409
127659
998226
772600
461836
568158
151627
774350
549660
934669
431682
542409
328971
720245
108966
86508
446218
989201
398662
976143
446710
254856
958685
41822
407426
996836
425379
738701
722448
668880
874108
363286
773646
762024
121336
37732
891439
871033
434200
536511
5350
409985
891392
272371
844073
108410
363591
887124
378861
382301
898832
513269
352059
592668
107778
563721
478637
635607
505792
961342
222601
516109
197953
285679
25196
733159
739679
279108
609708
969625
915874
725313
916794
291589
895551
55882
99507
377668
261594
783446
722854
129102
822007
457040
841270
233693
407131
591994
689496
911570
239817
651370
483590
915457
671628
991335
303394
671044
90699
225707
602489
355587
567963
317976
290739
16276
215158
464852
136196
8262
256161
807749
25776
203843
865122
602692
207470
656944
93441
581227
25059
688940
803799
209838
769525
676969
768831
940430
408860
611846
136400
842135
224272
658246
775767
680894
709231
949892
457879
827776
432055
463866
544594
212734
218595
439697
179879
834001
159936
472176
72012
706359
355460
869387
357273
520621
630069
33229
500943
966626
59650
488893
805460
118289
767961
715150
189554
331397
101239
142199
532803
464806
112821
832110
426359
537780
904082
304311
646215
105686
439941
191894
603735
950483
877694
136084
290743
63812
579417
994835
560080
785721
87850
852050
177209
634211
256253
929428
751193
508369
826688
223912
308040
406904
188373
272136
831850
414982
578821
440208
222455
597799
610689
19768
813374
703430
302552
392823
422413
623450
989613
113563
411997
666759
575640
426469
209115
562084
381650
416326
608875
735406
898410
691248
294971
108617
123204
531726
331864
633498
419520
762245
9453
713833
919951
672631
531783
115716
856959
92870
134893
968434
256164
839915
115416
496739
91598
82551
754256
529210
450796
970865
244043
278869
651022
475087
291738
159360
743738
334594
356230
19832
723310
422166
913454
900806
893488
307067
237269
248208
248883
701850
271728
125668
28019
237910
415705
954193
546319
994188
93452
994601
428465
357971
12902
482502
253299
751019
515903
705601
762706
547978
462801
102885
421335
494921
814121
440276
770474
187929
703368
417647
253363
62862
131464
596554
898251
817591
871285
892438
201188
90070
546626
604200
102179
570796
730319
798154
386229
890149
477888
252216
769269
582109
160245
27107
986666
714328
473561
505269
260101
43833
224954
411117
665474
67289
401129
932666
171795
74406
367609
194929
702143
181902
733191
306059
228288
356661
288127
336574
802295
226162
65385
400380
941442
134896
437338
660627
49332
261252
288511
390059
429315
439822
551704
419562
548903
836697
235800
603169
943029
155590
493085
318377
616385
7153
994572
195200
840270
782302
666247
361484
996818
170279
446218
879436
33942
236309
286546
970926
733854
747891
664238
280976
815765
837821
106637
236845
386295
104481
8711
71016
77120
55694
497792
159290
814439
403052
784385
845958
632089
698520
842383
729932
405382
934040
758574
19129
587531
81746
840318
528347
642821
600165
774048
54134
105058
346748
875669
338541
850078
587344
750575
335243
579409
809873
174648
755272
372141
794115
410966
21408
424979
493849
863019
701877
887217
263102
931683
983722
10482
537959
811953
731493
581191
98487
473819
642198
267092
559201
593216
558029
372405
970109
202617
723886
679845
597066
697170
441798
338085
34309
257962
685046
283651
472758
895942
417715
456225
669526
687335
887474
912999
656857
90964
600379
373556
157066
332415
449100
998917
849488
955734
224913
626806
66273
78012
352065
917542
325568
488620
65269
601568
31637
755428
331323
516546
856271
244709
135025
400892
528490
899312
801679
692957
702484
265684
813150
346605
740258
888002
533589
695342
51965
993145
374273
473340
63649
458245
10664
12120
350765
165678
373754
840453
710670
619743
222435
396415
905047
173451
20770
743641
944762
102430
656261
422248
429921
948533
253851
35742
130393
248906
39611
589133
595098
189884
391440
686708
759444
63960
924390
571478
986979
607801
459563
141876
228024
313756
795114
606972
546301
849348
119354
251367
53136
269496
432383
905034
19759
683557
549089
420014
529836
565459
95580
125073
678065
959852
791670
487588
423750
662451
376863
919561
640858
537892
62524
306302
489910
85575
573346
677891
94046
77589
883887
315116
304247
790549
865294
320232
602809
953325
488136
282313
130745
606635
707559
365757
200018
882780
505067
685812
583237
112516
457414
405207
706723
411891
929413
624098
41507
185080
898934
750156
59615
949833
801057
314963
800162
141663
529635
184097
105286
298358
496942
207894
697833
920800
366655
284385
881056
517683
68225
743083
146258
828550
143551
685462
195438
313604
971400
97399
566538
406790
470492
710171
780401
653296
678304
79150
227523
939403
118165
246105
477712
158978
176551
281647
910677
745737
754894
852833
147040
412626
647720
984834
861821
720196
276387
36655
249837
154489
727025
728381
295205
735183
780806
406869
752743
710860
794315
526671
14177
278621
163100
650098
517548
449600
774048
821737
241502
897244
318533
324567
539439
958312
626871
981378
253819
124381
737946
779215
360299
285212
980903
986541
838916
84895
305402
503454
988931
298520
885496
620004
513588
897856
923705
903389
115556
848029
712127
115743
119814
207803
63163
256048
774633
664231
3679
690002
566268
539649
746953
586565
403202
885153
444840
904518
318956
396950
831102
605317
49300
446762
137066
901823
911635
406011
671404
819088
370309
760889
506515
899182
538429
772002
11969
24435
381243
473287
639154
597946
696437
526424
221639
405257
52940
661778
14991
687350
445815
202150
437723
34777
139027
924609
492072
362977
110242
669437
968609
818236
294360
777965
77519
545968
136415
821669
687131
716392
406438
938477
317728
975500
349677
751396
467734
428326
154063
852620
562603
530653
147263
500405
174146
333480
256218
678445
588611
800507
737117
185880
554028
774488
825418
404710
204399
216312
536388
481540
497449
286476
691961
131327
622469
827492
500658
469627
655386
638453
561375
600988
747263
430337
956042
397054
220820
522044
929799
48010
984663
308663
757776
604578
406266
796023
636711
912750
783314
136796
205389
816533
550560
487340
731183
417049
454493
232978
906937
355109
533409
778183
348984
142325
337367
71788
492161
358210
938854
610335
335481
280113
153284
542759
708047
425525
188784
295971
500936
786392
593435
587473
330800
930280
316374
131258
108434
546228
812116
238097
634712
30212
292415
336976
858628
823605
125621
375678
895894
362361
883378
281650
90598
141889
457005
815310
888775
179991
530183
11054
510381
562872
794430
294675
382254
349597
32023
969035
444401
990599
948397
795048
261205
175791
348820
216167
126937
202137
362086
760849
198704
806387
689260
875628
365007
587977
134948
231139
810684
367306
223925
696515
433591
576824
329869
229288
69942
476024
645389
964068
383774
77345
179446
654025
653684
62402
276124
168108
382132
939184
714835
489780
592420
482185
159147
621113
95639
890595
688907
512702
258106
929584
972351
641477
239611
23479
425263
595778
362329
373095
521089
195364
84933
512193
123985
706932
665695
299501
817816
310277
840834
99099
90704
50125
316113
275176
91098
605045
623344
531448
500109
193005
888670
480861
867943
495686
605756
659749
688784
142328
966501
266902
113551
792294
564179
111697
688741
357479
121460
1973
417828
436426
311288
604359
89604
420401
865801
197479
449640
150169
471760
140229
479486
283444
758974
813191
855812
208397
962451
752406
82612
315011
694158
498978
172520
514308
662829
301673
475989
3364
825276
699481
939724
686319
561996
908603
649784
436082
409911
991856
624427
291291
450829
660622
621717
740592
669725
754506
512523
258738
176332
538247
573254
291691
434530
673820
176166
670673
369764
886376
886211
27683
383068
880025
656706
333701
228959
848500
745626
449221
205287
740401
215453
64741
109402
172768
469047
294671
20424
590298
727849
444010
26543
48919
850062
893749
133336
716780
910542
18458
303565
602466
867941
892714
626226
625762
628916
825089
253559
725769
30775
379599
429038
369405
762064
248381
805279
926986
352570
666157
52991
370657
905803
563661
111799
158294
286143
813710
823007
362037
297364
732423
378281
633278
168187
747501
802791
246855
349121
459182
24759
781671
566816
157504
894395
408357
3481
126761
825387
427680
9629
757101
164985
55022
244286
105105
147010
512326
312185
400212
700782
365547
780543
776086
262426
999571
683614
88377
767266
530789
627782
976856
268334
542797
137714
520783
140869
265882
835005
702416
538689
536620
152356
720971
941540
484163
775102
642727
209265
539725
912465
627125
587144
278713
622728
831570
103253
148339
10043
486497
434407
128271
304366
281884
671295
202088
792690
781932
469427
917565
172495
121784
977207
509516
821128
101102
789557
91758
387466
813851
339982
370283
324304
88332
829362
852743
669112
646676
617747
451722
659890
76571
641976
127281
85976
653596
873386
188966
458717
816274
859829
189507
737152
525870
748452
809803
783195
97157
481286
418239
79599
191391
739195
190777
899435
513999
375417
864117
671886
827020
398542
415268
112352
645856
898690
542158
93219
929391
508365
803442
776279
503609
567249
211428
573319
557786
297939
521244
358809
682739
573176
787491
198057
911270
490517
292307
736280
274828
998445
784470
500037
396168
356284
221002
268506
808739
985127
833664
404869
905147
254494
174409
588202
509941
422616
531483
420519
358360
627617
291039
889443
995126
733659
784903
561708
24767
52777
672785
976253
940748
189326
701311
439096
495073
703862
192329
267438
344710
828351
231477
884026
61163
876279
48892
921156
346406
706006
899027
834517
987728
223799
689438
427872
410178
690660
854994
758332
989644
570291
90364
184388
631163
626439
821395
502103
371391
385684
677209
607970
295830
201769
20020
215675
5423
138760
173441
469367
928992
978617
998463
855475
405311
790484
886869
343393
583613
988003
219906
793697
276
936393
394780
620908
966179
501414
153116
796013
269139
206851
666686
231857
205257
953326
332474
668061
784803
65523
911588
436173
552120
961593
719965
460762
316859
498320
686536
494312
872879
582308
13754
958935
844335
940894
988624
85019
248897
354345
62214
980582
431929
843872
384326
54999
397955
147506
564949
822737
439700
438990
861193
12289
456371
114730
373261
830637
915391
334585
165218
55801
445179
121862
473207
39094
318567
873292
194699
864538
388091
29054
837667
100344
983668
162233
219199
495463
832325
480012
926389
451150
981225
988746
710040
858873
329128
513327
37150
825654
707289
96297
708682
2130
353652
825763
773906
11599
128432
233522
491177
773563
207222
472950
167470
930604
145991
346530
510205
679184
879097
994397
596414
372064
45478
25043
966301
200557
764553
404419
236465
989517
112119
295995
434249
430161
453626
801982
154949
442810
47169
258378
682258
136590
541697
875484
745987
875609
274415
283745
15804
866270
999548
780296
202110
774429
586133
432878
132944
480096
409101
983738
938005
897682
79626
620056
329343
692055
377944
852939
166613
197286
559362
304672
277990
42832
555993
69769
614030
3462
503245
940412
910178
173522
40305
325132
215118
484116
506823
348027
83386
713414
961415
174287
780622
100475
116035
434085
913690
636529
230331
345089
495963
463197
747965
207500
492120
865521
944081
253661
142028
905291
885222
482806
239251
354880
305749
720065
462403
675393
861052
800021
459213
568438
61947
317664
517551
929931
492359
713509
581543
301208
877473
458201
923642
417236
386640
258970
559303
435147
132839
189566
386169
269806
814482
751132
929711
852570
553199
812804
263205
162668
112251
554852
974587
668407
463825
571305
851024
549400
488284
736346
784995
828288
93148
722285
468582
980249
491225
715097
529097
929822
765921
878995
991373
601861
542915
53415
50991
399722
560478
938985
255571
766811
498968
386296
786506
83877
539844
593991
49727
386777
659265
826002
411095
618010
292253
862629
91546
533678
472514
811436
500528
436421
391446
46200
191427
420073
120034
282208
675707
499598
746966
137874
184470
114662
220221
823603
240750
673711
209912
796658
502813
578281
854584
259880
680142
217714
342244
32142
10492
198538
539772
699997
982305
660125
593829
248709
954849
518484
305262
451540
617808
697888
533494
654550
111704
261539
375884
737620
418033
525211
782666
763340
828385
315776
883401
40307
149550
374619
676007
538550
576889
43015
564554
567316
293856
443017
629266
582944
419265
612461
539704
56676
993359
81896
453897
787210
110545
523695
353934
800359
512634
566922
447449
274561
213693
410831
358501
863821
981874
875681
2465
27224
253290
446988
485076
260390
265864
137407
734668
699990
530384
622983
788427
985401
900039
913828
512280
655384
719016
870120
828586
552191
566961
360286
446873
672491
65438
350498
139055
269824
647321
246185
367633
708676
552752
572272
422880
272475
496546
414607
316183
704865
380364
925851
199705
348002
109526
894045
398203
902893
430448
994627
857696
414077
569018
483640
27285
443412
914438
677876
101499
989415
922903
401954
869953
577355
688736
350216
121325
397090
156717
877699
770781
603122
537232
978890
563703
536815
898359
30110
618908
749861
482243
692144
425986
491030
495706
707750
767722
371167
862296
384842
32942
37620
163948
155751
937323
836464
286257
886632
700365
176212
183570
685924
997196
324263
655508
255040
316215
838395
276170
791271
267335
565776
156959
26117
414593
788774
572912
467560
565852
517850
353584
281640
837732
268434
883966
269384
236548
90252
912137
607590
688749
572392
379737
657063
875535
545781
748774
380815
828320
150888
611376
157173
845900
59074
589935
532148
368480
773990
527563
546724
796480
110513
438462
380040
229999
377912
573652
356254
110361
438822
332626
511444
946470
518474
891519
185461
595100
607458
438735
200582
608565
809285
932352
289128
919979
214604
82751
288677
351261
626539
923810
260381
315536
155411
298020
184094
250945
964701
864851
319464
360144
12388
95717
915604
184293
866033
778411
194542
752939
567909
384568
204293
353470
42354
657740
682789
163708
781884
843555
947473
510799
59284
54233
93143
875017
168808
625148
607592
802998
391321
498873
515213
693836
634077
33201
624852
183667
855648
161800
762030
496043
341335
582961
162408
689541
472322
997034
566396
128309
980874
843163
949061
177468
718132
816766
14010
115736
28433
267183
682811
709447
147329
280072
694734
202678
436037
16894
351683
413832
878214
260700
87279
352184
744046
944952
128520
654034
637097
626457
438534
661805
491933
937175
383648
612096
12348
263429
10945
51902
378234
254656
668428
28004
291853
992205
460214
287147
288310
771043
329314
759599
790046
666661
998828
148778
732255
242630
147225
384392
593661
366415
254743
859840
92054
762885
176984
117553
511999
949894
28778
372051
692273
7895
264518
881723
661341
556641
462275
925402
664925
766663
835651
877845
794104
935633
662948
205077
792956
796685
989072
823930
949554
260177
703538
910312
837855
357060
869406
26158
645822
74247
259709
20803
190645
688356
740760
141626
657303
581928
290029
732423
550192
681242
885831
632702
550549
223516
207157
25994
967437
10124
743619
602730
612196
802289
978542
197231
880184
817442
18450
592266
342579
691069
954703
767991
313045
306673
987539
226125
84123
312182
22862
900342
680469
239032
73709
123120
259146
449072
933015
9425
936724
392138
915865
664120
534722
40351
908466
883250
883900
373507
987398
428229
830457
566456
102411
487820
365986
469500
941024
483517
331447
599728
679439
936562
809146
473015
924857
556330
583413
565263
236804
870713
615892
695589
855133
9689
644827
24651
160409
965609
595828
634830
527720
974426
890877
195402
242848
337393
86417
151948
696169
276609
231730
161237
846968
113250
820255
153983
277053
768605
859327
41365
604240
937879
113784
504535
801079
173662
57086
961646
710436
336055
151318
352776
291295
682735
325066
354158
279342
700561
189258
478563
317945
148691
510670
244363
464308
764370
133789
983287
486183
532051
935712
703974
852726
406500
510890
273138
889009
57789
160049
543909
848889
237182
222674
277749
106298
169092
867257
537621
525867
503149
929277
936845
447454
923992
48371
601893
824924
292649
281185
864856
390853
823445
901456
90527
161829
329466
194673
429094
131147
493577
510480
246971
140412
712836
672686
666229
793514
187841
390613
267481
692405
73929
711884
38629
476786
781284
229641
873411
91067
77287
464248
388061
816825
220130
915589
581917
609655
62829
366877
962269
398598
215600
885211
742150
770925
660054
606761
198759
655940
611979
629228
189761
33896
686938
344037
55174
742762
706560
468039
685308
683141
7875
487201
982918
669590
448703
796089
24875
167213
894704
96778
3726
623416
851329
555247
578343
937484
414630
640498
683127
74883
118149
226343
439190
291960
487950
111121
367304
970781
492869
844669
570679
639832
809307
348095
330046
849425
60608
408014
846586
394571
543115
579860
147332
557897
54727
584744
462264
786311
667360
988940
838942
329629
791979
857028
749747
304598
57513
408512
43197
929139
78127
376061
709052
345664
767846
450369
605193
24202
909246
250957
621686
28418
249529
380868
469710
484928
792228
462247
544329
856342
495130
341289
43891
786244
291342
664373
938633
343260
892661
287972
822903
595535
828042
666508
766167
303403
575359
762461
150530
398721
386093
175206
649107
891573
815897
837375
591449
67618
210083
916750
746714
758226
644545
198287
825165
808670
110470
34633
984333
905107
226071
910860
203960
264451
569209
765428
853118
650827
455134
940744
714837
707174
946831
835355
42458
102006
279307
889962
171579
840143
170499
716944
755248
260588
260956
907811
358869
927902
373454
400360
121789
592101
793244
519176
430165
858682
936098
560135
375797
144787
395603
492677
170480
329110
107552
908039
655326
814139
460675
479473
5379
48470
929422
172105
41461
814105
353558
334527
114649
582589
20022
498409
418811
752051
173083
150888
94543
385197
759298
674633
638406
421585
410741
821245
354016
317603
772986
13742
273031
114612
849919
529359
418827
503172
299467
723587
496718
519348
736767
49624
661989
252110
742703
494984
394755
601886
112171
183092
194399
215272
614385
829459
542408
876901
157399
3977
939724
327614
571039
904665
221806
978392
706566
598168
409890
411378
404958
114065
703295
846625
438167
242694
507701
363042
972733
869792
701468
145243
520553
394130
172031
906225
693124
34370
814854
594685
206225
295878
309268
202133
254246
332065
520314
909294
698417
46269
347911
159159
984204
606706
695995
620594
366052
845180
203120
11379
590090
898428
992129
846250
629503
117519
724627
881482
436159
960763
406669
697449
710143
866782
672107
537254
868408
685843
844132
161695
27227
364956
89487
941994
946086
354128
149995
581152
932571
536887
50962
452984
276020
989881
703438
639440
814916
26150
590199
882565
775560
560383
720952
584450
150395
29557
785988
767560
805240
190736
707762
430589
732250
213148
325956
762523
722373
817084
832705
850782
930407
86881
155458
927389
461869
644610
765669
33187
528842
434155
582328
225320
630892
698955
575979
116861
697069
745806
357902
790533
181869
510760
977581
59357
442963
842602
539038
184554
405537
96404
708201
637947
511498
814803
442503
695148
316732
968981
233805
948977
481360
340371
182984
70170
974738
835348
604294
619931
212039
143344
695516
201015
727679
842622
442204
266211
491419
767193
65410
476738
744624
797494
516149
803328
194294
485626
236734
399956
240850
23125
238735
873298
763779
692597
951869
3606
155690
508420
794775
665561
458814
363453
919181
839923
267229
826908
674650
450756
865329
521932
155649
426289
9712
96728
906014
22668
512030
388949
112039
694588
64280
609946
887528
747397
915602
237162
689503
947894
809159
650005
517203
770796
658947
749321
427534
142841
583640
912797
607513
660863
851427
512826
367263
893055
370343
812345
446491
245091
223677
200476
896506
829168
104395
26214
919759
670591
930307
213280
314997
981661
647853
130187
68176
512822
167500
492600
358523
580320
289427
851113
341739
899503
630190
628206
959834
474558
593185
412226
977165
433223
77972
250281
140915
143996
152592
129700
442834
577700
698284
505627
696860
171949
992476
361311
841428
15255
766223
643047
291096
26358
755091
918358
81537
988262
266916
700707
214332
859244
838488
154663
276890
109584
214418
163133
889953
130596
385075
991401
924954
688947
105796
366083
661253
733567
595304
507898
689804
522660
629636
705769
360108
960903
577685
892907
958127
422020
336747
123958
636700
965080
282325
709908
762880
117453
363296
707557
530502
42413
460416
764160
891227
398485
217029
413728
71849
590444
182995
850897
494043
421383
499776
608760
647950
804241
134553
135950
9123
981615
158049
330698
411201
353903
471063
859401
598558
33872
296608
102609
628782
562441
743445
127139
917429
22819
440928
276210
49131
240926
734115
860062
478342
791649
842332
191341
853191
214119
4092
820913
588467
317221
189230
893014
672089
530174
674447
794277
294411
346706
441494
460201
789739
525045
459238
911818
318363
792110
494403
167275
270844
307960
529163
46410
436544
138757
978081
263755
56097
248214
348362
592430
978900
253956
508255
794395
626341
368143
671730
410134
625214
260932
433212
817992
896567
731628
199462
25522
771296
697253
925150
147812
620671
103647
363017
666567
157964
140884
100919
498733
982767
705482
859169
723806
252705
271221
540331
792737
955344
675445
106340
772644
837015
74383
876850
349266
767118
589358
901243
64195
947676
101434
848480
578254
504432
41010
406384
413008
744012
41905
126648
687312
531450
385771
462586
576785
610947
257176
143544
352758
369857
63039
488014
980729
190198
238777
928029
807119
534509
353089
988916
260641
569409
629352
842465
755349
778744
135180
712261
817206
408579
44211
174195
615953
808347
829386
819652
666229
858079
213539
716717
636082
447729
646167
932315
189353
446543
182508
6995
884832
168921
685229
115052
658058
327745
737449
665106
36463
115464
227795
445019
396030
539234
133297
209350
273836
972964
645615
519377
791413
31643
320727
646652
930213
61465
674542
110467
225729
400279
445844
787752
788814
573266
541249
758930
166720
218201
747106
179557
39685
80231
151193
235054
262786
768940
962254
753240
392325
403849
71143
564991
593808
532860
603669
697088
90677
742933
850405
376844
243725
872088
783981
913781
695202
185966
134562
36597
11241
321374
814274
119536
82298
622169
929057
878585
825461
149973
736212
17301
467433
267712
119663
962174
482140
678358
292250
546144
967298
245513
213591
875524
778055
14523
421632
16708
634956
455090
356255
284607
682444
911533
856708
395880
100043
126156
545093
7630
366706
3176
235184
752975
240316
231725
11433
422362
400728
130261
819397
758792
862494
951859
957064
75027
742346
257557
358836
399585
22276
938490
694973
61630
459494
929264
952289
529381
756198
61873
353654
877666
422129
327343
481061
721794
977406
362065
273987
435922
475530
859622
568412
578445
484173
252841
673139
941021
408712
178336
915427
917688
372100
360730
974024
740645
341737
114388
95446
368720
751750
288608
470833
396807
873108
741339
733761
837702
576265
138109
723297
147839
858135
259645
642093
701445
628263
714490
516586
14362
578910
677510
834270
993304
402848
230043
405447
716111
211503
443097
915660
956811
103478
332899
980388
59176
889792
266285
331372
535661
254424
75872
493356
69035
543821
250489
622537
9463
621268
499451
677537
528681
629794
768753
155470
362592
890262
272244
648688
287084
394814
862599
44119
540252
831031
150162
46433
47636
439002
747006
930102
739689
259093
516517
866299
733141
835015
84840
925817
410703
660637
494238
533506
873691
617203
833221
763246
839939
128210
400201
742118
900102
223845
640398
532860
825562
741470
726789
9314
634851
585866
31084
808583
85200
813971
752005
359833
254104
265797
291621
972136
378546
573704
876239
133446
490081
83892
958742
943194
168098
367934
265471
485314
746021
778168
10306
636948
628708
856486
635883
773587
373226
199834
260638
879824
974295
350854
152551
234878
310266
210357
611813
317259
294282
543928
512355
404904
669576
313120
67177
271829
993609
294615
107591
603438
968182
572860
873368
650373
982246
562291
960216
893925
403390
521618
7932
511512
934316
598294
322764
743624
475418
534004
356716
412778
826204
917895
337554
255830
896814
607364
172715
570891
639403
821817
684929
742068
713104
837601
302411
150785
128748
708070
156983
693217
470127
501216
37892
551496
583650
930342
804719
958385
705860
722026
861277
758233
846330
897494
320506
945317
654321
204031
964890
261997
494058
747899
203419
558351
547474
420492
367392
899544
430294
630449
223224
289051
637704
14989
43710
540195
61490
41863
288299
294182
447071
191660
830382
576115
225948
885754
200037
493893
304454
719245
816654
237796
543954
198673
281277
660585
957078
337233
447561
769298
512212
335650
126918
85266
932251
20063
893675
134730
223846
175765
733368
86506
37444
203199
673960
553643
784235
288782
412700
442634
141651
671687
611397
718573
396206
497143
923699
513933
730706
648860
210408
303341
154662
155503
441146
734488
256509
966353
377299
188352
493128
612624
927379
35514
817503
418121
999072
191877
133777
305458
642169
431510
221135
456509
34400
841781
719587
482935
909341
689387
233307
336876
7944
628061
176291
958658
140631
312756
169658
504715
606181
765314
16236
93395
991515
692299
454092
571908
198727
386650
441311
726982
332042
17743
698244
686116
16867
694647
250598
532976
935516
433523
999551
556700
238110
560013
782901
35507
494201
482196
433624
896486
604370
921715
167596
32201
445535
637292
281752
307806
486602
880448
629812
693833
16791
32730
918612
604238
685789
940303
636608
420897
247359
257727
201465
638928
452646
423711
726026
884700
554456
6813
710742
285232
39200
9950
504207
902138
687551
86296
109733
202574
40715
938586
625072
726344
527959
726499
930591
295236
814906
197925
536303
472874
865797
455896
661805
917720
526254
268368
588316
136299
153037
7357
859371
856158
339257
511334
933021
420409
529724
746000
997109
733860
62572
110473
84603
39129
200661
983748
747017
471995
493416
876067
292161
435535
303925
454143
941021
47077
221545
361698
531072
878195
49934
157509
7140
537739
620959
221861
585151
401842
187128
426898
851276
909046
167264
354302
763425
84400
845013
875202
363032
163192
397600
200335
320683
112237
958091
187579
261691
695527
525500
326053
919318
34550
220007
721622
427732
396163
295196
319305
61449
649243
618771
96471
503473
821301
442747
693104
98681
192729
428655
585333
157324
545102
541718
878250
231706
187301
439747
857415
851137
195401
219561
71576
562408
991024
579269
852091
768476
294910
862053
326237
592691
773053
43308
401333
945708
793903
990058
12412
809708
162576
343865
30163
969906
432860
802793
319769
588578
347072
200560
906428
505062
963478
93111
361709
952126
841117
688325
132185
893992
87946
432179
448576
138030
423325
57123
748391
105417
803582
185688
801401
947154
285053
578451
640541
188756
796406
984830
174434
232370
277608
566763
78435
300301
364346
338781
334027
40047
153646
287786
395241
687271
750226
15228
8028
789162
929925
367048
687498
989212
704828
340602
759078
664404
559352
556167
837910
970295
849582
67103
997968
505039
691082
696537
373187
239837
21747
211178
688758
166248
103240
266024
362396
103549
833700
121176
889658
65025
29698
467256
285732
311485
201472
929285
653082
322742
130289
509112
271410
924696
882851
163170
223892
995236
962674
890899
93754
211412
359766
271114
334934
71575
515742
765644
686064
113583
112134
491928
112542
504319
3662
443460
422394
308255
474840
46859
44069
762707
11547
421340
885409
648404
576670
951033
254883
318898
177377
660616
574998
901203
506606
63053
242302
285982
825929
826598
723775
889943
604920
228842
485945
965161
188208
176587
654142
288012
155871
939769
878599
885741
960402
662827
277442
353107
335877
922005
549891
352056
302338
991201
572416
657601
788033
542012
79839
989429
322032
835655
326403
703616
513244
837840
908207
773036
658994
472452
357163
200400
474036
334096
622416
380409
719691
23839
744632
314988
259879
553543
134955
725502
668234
392696
932807
214272
457464
288322
847111
952469
856861
901063
954545
268189
471062
199049
797270
358762
800487
686417
388552
825476
76329
910442
556064
233514
535307
127430
339196
426870
905061
788942
847059
447065
466018
481174
443785
974967
629713
621748
708697
804895
74280
138928
216412
117831
59385
777067
850244
512943
371331
444659
501101
60355
850861
806838
451392
379116
467999
626950
711343
690963
310452
94732
464583
562023
141337
602990
651975
282630
528298
333278
927150
545619
998891
513368
353591
630845
222914
98531
559656
596807
176522
861149
612265
376817
63145
392338
761508
532845
478841
725607
555560
108210
483544
40442
683667
909542
262567
658294
788057
909765
353932
172688
375536
31303
569796
772687
988104
357204
26101
830468
56413
141355
680562
114395
665953
452557
934799
828023
273355
712935
468855
802751
942812
481929
393244
188944
458903
332279
536754
180526
462434
525816
365146
575148
861389
672196
237201
479228
68800
564760
399837
991624
526626
639193
860911
768819
247094
805460
531483
71003
959291
982754
50434
801143
192342
985731
618218
869981
85334
542946
421030
825839
250823
22484
779937
4295
713623
543147
752437
540600
829067
607124
818962
944216
429820
91493
752400
13778
855606
548279
202234
386436
332675
365889
406401
526967
231739
441223
988028
283156
220074
697054
280085
333091
835853
309943
38312
885140
808921
859731
634288
819389
772443
617438
54229
239840
443251
240105
716287
602528
541156
905032
131808
197669
847711
103282
981510
123818
863593
788953
333701
70562
546717
386927
822039
909236
418700
256651
364387
417111
568387
297719
62583
411693
189570
515714
211472
930282
228060
6334
674963
469640
790427
543045
711820
82414
890049
105135
436817
499009
8741
536373
720062
684269
796128
19138
685054
985364
117110
434432
745186
151099
358470
458656
991263
412628
591145
978133
707784
492645
466470
495369
837544
931065
165856
66656
332165
704016
943627
506203
457444
396533
134682
870936
130094
687160
987735
781524
814238
650671
897931
697350
400047
331148
170400
677377
471582
680514
93764
439773
692567
299222
800856
346879
311407
244910
813958
163212
872362
519053
130741
941186
35757
544465
829936
337543
104101
851621
260259
197801
749
306198
233360
246494
506067
680939
141598
858135
458729
574489
808171
494791
178407
575088
188553
38803
445808
589557
915101
16112
280852
668678
866715
137641
375788
190132
454469
152339
408502
351925
711405
391967
254536
463874
651694
217096
70148
620780
676321
194914
220434
293869
855895
60608
410752
175359
69844
558301
622642
107768
988151
338830
878094
455516
308697
578210
265535
567662
725166
244104
550887
293402
600622
467090
315002
595921
274121
641363
704868
165681
735231
833868
735847
540631
632917
430499
588275
321315
740411
544746
919780
980218
33005
862590
185783
986075
206043
991367
573489
308458
584279
378904
370678
101390
906584
593251
894824
250819
216266
846661
560031
836062
422354
136474
768484
136660
194329
41843
247658
136630
178107
573424
450551
216639
930523
916571
959122
407667
765385
456978
187270
197082
915283
464381
170488
531643
251653
262859
377947
491669
132284
567135
632891
827207
887512
309897
697381
795368
457445
896386
261840
37395
640569
54864
115516
442469
383460
360170
743025
733428
483806
367231
204095
873479
50021
476821
108855
981075
737756
948682
923501
294792
735071
273954
829309
905240
762202
472980
893682
30900
4654
362000
578942
758549
353313
508605
40164
278236
447689
821649
406968
58505
13498
356057
993225
637393
772058
157882
70156
245263
354302
208624
454101
169556
812075
922466
784564
369057
313889
37395
877486
794017
467905
465564
896601
128005
735390
994917
185875
447196
419778
443637
346045
67217
594929
947384
497981
106033
523687
14231
955631
179475
7797
744149
685359
807149
792020
306123
791841
695265
735998
593891
469787
304844
47254
226428
290960
910916
9327
420368
934144
121057
928780
216373
415042
565718
509063
136254
371591
182604
760303
372704
26249
951495
768532
516770
931756
40985
685747
210658
57396
387405
312929
223590
350155
819153
784414
882300
820971
332902
942424
6538
127389
123612
817824
776924
493296
724813
907003
854826
994987
471770
840627
85421
545497
614651
348938
686258
11741
308551
292815
251293
596223
336880
409106
932519
700168
946462
653730
721998
803261
876461
956274
758912
38830
841846
327826
812710
592823
941795
325774
348592
554383
360625
331655
920963
595791
609900
976351
434954
101812
217077
981299
178167
416366
83194
930672
836013
767559
15588
461274
607844
561043
760492
435889
1312
169052
380404
774344
443204
711443
487594
817513
764466
624887
875972
647268
151263
927180
974775
503824
362743
353321
581155
208938
48208
976103
188203
12861
755097
886698
110603
736000
112119
712431
61039
438516
602650
791353
727699
84198
440223
896278
348151
430273
115308
67824
366304
644783
561250
245518
491518
495006
81273
9997
107026
39055
630487
902538
552227
664050
909615
473985
585519
376188
744127
795738
925530
833923
264050
706604
464498
638832
194381
216368
423060
296221
411674
497618
985952
434731
505511
921894
434570
59080
319300
610108
922370
278101
143333
715121
513058
235253
279251
446501
663816
165013
4046
451436
268932
190887
314898
676803
12827
34368
434357
38667
544906
295218
988652
187248
963112
157860
840434
964911
241521
332651
292822
468795
561725
386203
961932
864999
486946
966897
890259
88194
549519
383724
952913
650306
157241
862204
926151
353737
142016
361785
505875
688740
968998
37416
77318
513604
508388
536354
415986
653675
531684
651769
147351
147797
33433
839135
955277
862736
255625
838142
80811
331047
463504
568353
942621
186180
200931
471599
137020
873665
419511
601900
494385
10866
329707
300338
578322
7866
643717
752659
155349
205982
441923
953329
797365
880176
399941
997130
18900
635509
209141
53311
238710
696751
200302
40898
963855
881479
890860
965799
8509
138710
499451
771002
109423
388489
679333
913073
468395
598852
743968
245878
508911
709788
713537
437996
610211
232793
263677
282717
349189
373209
913103
613424
436932
315474
736711
291835
649420
198829
902780
659768
794617
334739
789130
486847
461530
732107
955981
989967
492669
984265
936889
143157
840229
292186
863506
194799
88025
193505
433821
349205
356492
855937
710822
416749
436782
166947
586014
787270
438837
912112
168008
759553
826107
194998
576328
385059
236214
196047
174023
349397
144444
230737
200498
371383
850114
585420
243465
736881
508141
677823
140764
874503
462604
688430
660219
292336
212375
522607
845968
295534
195503
939374
761759
940718
739899
337217
254197
474459
106587
199369
741078
490484
214550
379119
646214
739982
793021
659147
668024
313946
777179
234773
597240
308239
178540
905245
708979
258464
648716
807272
511623
965857
999558
135132
86007
482920
721219
874436
81349
999240
202961
275170
613687
910378
153594
341877
567279
92054
728405
985505
219780
196572
508686
190139
18968
150742
822813
831035
280759
304329
232606
951095
644999
246111
110800
930099
340557
176945
768067
409611
590981
309684
878960
502673
192432
348855
929805
936276
828167
785613
484871
432914
7189
151064
54582
875320
649746
242523
927237
897157
371084
69921
933726
643335
165228
390920
904433
658289
353634
919459
889619
935091
638557
415290
47080
527364
529294
789212
268240
183239
938363
536742
559901
549766
728146
521202
242803
819437
810720
565273
142702
933297
713804
22058
250821
33601
947510
547719
629637
813603
103402
270938
850326
847443
278273
191416
971734
930678
710016
852184
502006
74900
325457
313693
7122
532991
624076
684249
193963
691302
499929
165941
988712
920757
296136
14187
253852
853512
16759
805891
328729
639072
940667
254154
304780
795492
57568
706729
477760
92264
735094
737659
998342
887562
634034
248255
967912
748899
852761
309833
684602
137023
404628
350686
853917
572147
841227
35300
985991
248796
333038
837923
825133
230070
225022
656105
612675
758030
176425
282164
263483
599310
975040
782223
666812
7607
498069
37197
357209
766179
33661
42068
308571
588300
893422
185070
298578
127030
634611
435643
237182
920420
115079
166057
227061
580293
608965
480723
746767
161422
437709
806543
550449
963368
510842
431676
998456
934088
66354
182912
22538
182714
668197
466313
817604
397659
741756
590314
541258
601578
675642
726672
221010
41621
513637
791713
272548
475978
201125
435400
85722
880928
405722
398150
847864
895090
247017
781500
478864
641170
55522
868995
185386
491551
910430
791554
858148
624211
804582
798083
672626
999417
625055
819778
195511
400796
562906
939090
128840
279570
756929
799500
312878
493504
635053
107001
586606
954268
517455
986572
397822
876504
687833
422580
401770
4468
825066
327063
679361
289350
359489
205971
775528
528423
684899
522214
507042
286837
891462
612453
104071
508613
823355
886805
200133
220205
839914
40379
303476
404981
506208
598960
850815
204455
686983
627307
729349
348869
701554
382828
299090
940747
208518
628972
154403
545253
313288
798572
710981
536765
367857
389109
552770
564411
688287
776257
421238
562446
291509
110434
196899
724629
351935
703038
57558
523436
466531
636190
826851
326804
23079
606763
416950
533796
718126
944647
65013
291699
579694
973359
210690
975352
712107
123024
138131
163578
950020
648154
433716
492799
758793
620756
418036
919761
377513
544742
824697
163496
484928
335729
359738
58530
283438
290995
113737
876214
425780
624901
