304506
803672
6784
676498
453786
217747
733411
167385
358867
891520
935169
949918
119749
995232
567890
397674
713359
265545
160422
474192
155479
930276
593707
151629
141062
291301
245103
494880
944337
35942
680880
631113
177427
476320
745433
453792
565692
819664
814046
519533
372517
306523
440878
449110
212666
71471
239399
411291
655432
975826
292486
335571
683732
98372
989214
924808
97448
444591
312784
874696
66202
108115
329110
406861
678939
942671
951723
302846
665837
144592
881102
898382
16604
586631
969269
627336
764882
45267
673079
61119
984820
915202
826208
405951
669060
946189
735743
302237
910975
184283
344108
979224
706118
449405
113246
421364
354200
72525
392787
597196
928454
798305
389187
589214
386186
957142
621364
82311
839096
283009
105248
577271
574519
711412
63710
609673
61469
114127
973410
17773
658773
409892
424215
268202
568950
41769
300735
677263
226810
308857
904450
401272
676578
649689
148496
937270
622142
132695
420615
110987
902488
439714
704031
665838
955856
466943
219848
948299
433412
487326
784871
194968
406407
959655
562758
298062
979983
651944
857481
506324
94705
293651
563680
361752
432948
386126
198776
40917
201184
192555
108107
555023
202728
110119
809330
406017
403598
331537
600480
222808
423717
112864
794554
476520
473902
339356
498332
832758
415414
564892
673646
9974
326812
198931
327656
164600
812127
496381
224200
497328
265760
30458
593738
894052
348861
388821
207396
214586
833563
107722
641965
317717
873663
800230
362132
592835
485865
561930
910623
230349
504939
62907
796385
25609
461131
443568
510887
851110
892983
543427
854624
317607
173328
188100
785804
284792
378390
641744
319660
498854
338358
272074
895342
169930
714022
226340
541266
579891
367043
477209
358381
790350
486946
54386
400362
678836
331131
628945
339001
937627
43054
585477
850715
761717
391061
319574
925310
714320
651864
520634
887457
306168
11663
830017
266166
630579
851046
508537
491690
1693
415157
889214
564140
367016
49068
470818
860511
901620
584086
355675
632500
732881
847535
689012
251399
322855
551945
492415
40633
654168
725259
588961
564054
289632
378244
767463
629728
768727
811526
979613
917702
481329
379954
411155
449496
927198
527419
816931
455508
708080
735871
350335
823069
702457
974862
916276
113626
918966
677683
476094
265256
681564
641151
263278
434388
275623
562912
25964
511736
937547
848080
591098
496137
87223
929668
918123
527526
868483
822721
370935
355275
894316
735078
525089
544921
732213
321751
640782
286997
519352
822302
167695
846996
965485
618644
279047
328886
283096
613449
358213
782435
689921
338557
9056
667692
938688
440297
668375
4179
439111
788986
673463
707964
728153
431974
900135
339718
992526
484571
160122
389730
393755
80946
848373
732876
577565
596840
459949
377971
765460
899558
201045
90713
407302
56918
593636
323485
808067
945838
788976
486879
171035
563530
713816
755027
888016
350788
221419
390045
533155
649786
865919
743802
772344
548257
67553
626202
260829
919164
401152
918849
177487
311925
2810
797729
19307
72570
385128
524280
712375
18429
217524
480541
259586
576384
900122
465112
506861
545637
669255
403749
912135
396240
947829
928554
908077
222001
960437
112254
100726
456150
661699
857157
494072
242675
439093
630103
616394
886574
922628
1953
905262
328536
342944
808633
255151
7630
319178
363848
648437
256366
767946
449420
65508
206620
55994
558562
525214
216059
77108
130804
614644
532726
207224
20070
965730
423010
669334
387168
420530
235691
919983
921127
142725
588471
11616
631460
945732
655324
84859
557775
732637
609276
783850
488902
963920
44879
132635
426359
776237
524638
447643
214386
637683
985332
442028
376481
488061
762822
15669
659042
986452
598886
700903
766646
811506
30085
809068
779869
520613
713437
508603
771660
48630
199488
695653
809809
836732
870024
75748
340004
949484
998046
939883
329221
988705
736805
27970
953376
906719
990370
897589
487835
669072
106500
577581
686451
323925
455651
497029
579974
983272
299552
796088
340255
603639
404541
779941
552375
846509
222846
484313
655599
473315
515285
828969
727770
93192
768505
898503
177534
222334
843007
748481
41818
374791
158483
773807
774982
700354
226683
604889
144905
316470
363915
236999
979424
701577
346530
494619
639664
992044
586663
339619
874983
408725
679126
297799
667030
513052
231250
765976
731655
124444
562787
901609
651614
798182
975349
392811
190335
169286
718915
796888
485364
775405
903798
59487
611496
534933
112007
270253
608880
810850
999764
223207
590220
519260
783975
237613
617267
191890
472822
26538
770834
506158
621143
144563
787614
68121
444478
999462
695606
587498
330504
518117
600885
46905
373763
390304
363176
881282
191457
84645
187401
109539
822113
857343
430578
62054
519140
864581
840653
258532
280296
120568
21549
883174
105015
86873
944276
541675
860538
284090
881147
89632
560371
94012
844725
276104
600056
997827
866038
306013
727164
459485
825142
604514
981392
696531
356826
520559
316394
822258
265317
681770
692054
657988
959306
616679
590724
589602
11600
731696
259142
526510
568925
830872
773503
861586
703752
785427
216659
202255
782119
991525
42871
63528
691822
187033
682262
137506
235001
741183
447040
723976
327209
286780
6104
483405
838325
121779
450372
961991
695533
275762
600763
793122
367988
705610
206839
272768
598813
322672
4650
208768
974298
929068
14171
211220
775726
609180
920091
978283
315820
679219
167363
288119
413346
47523
987198
888048
391245
682196
764067
502828
993935
452305
582397
438573
487298
751871
520064
956884
176321
211230
442717
66627
752233
503900
529717
244416
999321
586048
167807
339191
720630
244066
896256
731494
389524
735189
566891
714860
727248
135166
781746
387798
619099
16355
718267
469544
118596
820942
925356
220688
174780
894173
795832
329198
434991
194620
957430
189476
986048
751605
420030
850061
659798
832983
231485
557586
602047
834067
368422
256378
524098
558725
586364
854575
357273
490891
785489
809117
704554
455175
452923
212115
256972
935678
684377
288446
466721
182356
242096
27258
741779
519524
578549
421256
839115
218636
121308
640169
439764
90632
41022
618502
953626
426788
601816
860778
64147
831702
233364
179056
593707
926789
387585
863459
930065
626374
347149
101581
444001
399531
928830
850376
542050
925937
189030
481332
151237
461040
162082
945984
88117
946032
751812
565472
803791
354817
917890
228279
389533
893518
887874
9184
642515
870843
698815
134480
632278
280039
892552
829331
88219
121952
625895
142804
997398
260064
115733
358279
167436
138700
722148
55644
776897
643222
83157
523183
154777
489727
441393
803673
317549
250495
842090
6122
397571
219860
956310
965324
707797
278376
14290
361732
604693
988328
203207
690125
502012
483789
971973
965098
716616
159782
430540
336602
238087
976585
7355
603163
936259
988223
441977
227142
968966
959857
1859
907832
739195
767385
374237
675461
76616
905156
105217
305297
991120
852733
895895
842518
402686
562305
783011
600704
641657
695100
507332
139222
908856
794483
892392
216197
185091
874178
19520
219084
796250
750979
605951
228551
658813
752085
384728
91662
76412
755969
792158
79799
120009
447567
294589
796643
827129
841777
440755
57156
613704
750090
641194
296857
275118
193433
150934
68184
227629
429961
473024
559472
793992
7352
743804
909977
269775
843118
65952
997812
109415
766129
223464
224055
907769
999431
220853
513049
932466
515480
435799
494488
807198
34111
229793
408295
271697
924880
81093
472446
305042
561106
309533
123443
204149
611907
466368
286873
562366
171483
420333
647026
865486
473911
47867
43634
330291
625921
111239
128142
963996
167077
125000
617880
266626
83194
901911
618564
977620
29901
714197
267713
172839
312018
781227
317423
782584
898576
5578
629860
98267
667336
945868
848647
755071
836523
836004
933760
704389
464427
141469
777254
123652
33977
773378
615260
731734
623576
57287
362037
255557
564782
743098
897993
829772
969047
648009
350638
219554
819411
369904
383772
273356
68508
771088
8957
511696
541457
225064
671437
329178
344421
437464
262774
982441
167753
427847
707534
851558
910380
727318
915658
772503
688808
846977
157848
406412
46061
278051
763606
285052
980469
870376
385591
25399
916401
230179
502947
722195
602156
98414
46426
629790
433611
196242
17112
242611
776808
828527
674978
812877
11050
586005
759697
496053
489272
82401
423061
956024
995164
92218
578275
197146
275510
548823
314181
609753
976592
340328
110312
530540
459240
220539
222143
256605
830104
340138
641293
292868
86112
304961
25802
911897
796269
354213
997342
242411
267875
760582
50123
736311
800001
301400
706686
531902
553062
639409
79219
911764
776246
8259
388521
990184
59517
295906
11449
252447
653432
467054
675581
958468
283376
816386
400653
763549
206274
194869
25474
426852
434648
301964
220467
635484
865655
615840
761794
247701
351935
800163
888891
712206
412843
674851
600554
377960
614804
710642
53884
476618
874764
681437
352130
751179
345854
347063
486276
508474
590204
708373
536058
639857
795203
142
533829
827501
279722
631475
962293
498504
946689
184637
911739
451517
704895
518733
528905
186016
676356
775118
392284
605614
158635
257987
271365
399493
973426
615601
973620
485280
519815
596136
342645
722959
870084
623895
688296
648497
107033
100657
31933
861737
826968
347486
412984
59755
38909
346021
183902
370944
71334
426950
165241
991565
194079
391357
204675
659215
461304
672189
266379
117368
203348
954892
473017
949720
932121
9878
157794
196193
887280
166697
52207
203895
671853
199644
930989
340360
586743
813855
782507
595522
1431
332590
865304
732463
808422
370500
748536
748175
486086
366897
56993
12057
429664
595859
66240
20658
439946
535771
198258
503818
228796
53178
248580
830550
638935
348215
724187
410277
637140
522251
725330
335893
526339
147173
758070
24520
608092
348557
108622
508575
383675
471741
486375
674898
143209
331040
147916
302122
685631
37710
367944
273264
196509
765984
139064
644383
541104
755090
681674
599311
886557
192621
241952
450466
916793
675116
157307
43060
292796
597911
1253
185438
625274
756044
513039
795315
445335
978374
511295
187189
911884
315668
760180
820534
579299
159613
106203
12359
21372
265381
698030
78208
108647
824212
41748
597590
392290
355972
11317
633295
266079
315203
269556
115969
883037
55852
833166
538344
147791
21631
659837
631219
912851
515024
15068
153699
992501
746292
221415
171122
987317
745555
200832
894816
797003
313067
830347
556097
229031
668324
644170
379038
474836
234953
306766
74680
877026
223338
538418
532397
790535
442499
327152
122133
201676
442682
648113
91595
106219
796871
230605
666155
51272
340205
488299
929106
745925
29275
787108
465085
455763
493751
422811
968456
613268
685102
132182
680026
778823
324463
807401
973286
972945
138098
25875
582032
321590
905011
366641
201776
785922
600683
900302
955915
418416
101808
2162
810780
610397
388561
603498
163349
7905
792836
425170
384395
418976
280618
133031
560581
987627
269003
935230
922906
247324
463618
52929
967016
166649
126898
429108
425091
152577
305700
62901
372438
987802
235375
644344
549569
447374
708670
957769
299643
483427
375399
237108
506714
796722
365895
648160
552805
770257
422124
810641
11947
256346
886011
878133
615245
502914
742916
609074
717462
731110
880366
492656
216747
375925
321497
45908
122060
274040
60964
781885
520232
190439
131795
925712
365313
696562
702038
252787
734633
520876
137725
332827
532900
795947
51546
322925
515751
168706
11711
952544
436149
556173
432849
69270
153160
208480
147702
229810
537380
421428
994999
744096
459709
124850
817059
358880
817087
501105
556855
789748
332478
976740
162327
464926
841131
322246
775012
22816
291220
391426
32451
685884
131560
841426
68775
706451
188122
82441
11906
982031
370024
2803
628361
180466
388293
891696
488446
671334
249511
332321
403096
911952
983425
469674
874079
648868
465923
723574
867210
760020
107205
157518
560717
886097
816754
216910
535554
896408
87068
197937
15675
482962
899163
220223
973289
83781
240778
550784
698565
719242
752375
699591
469652
6498
414981
515305
419160
943856
421986
479385
84
716234
777061
124818
534583
184214
59810
87344
810005
899224
468909
958153
957110
294066
267114
320683
734232
741261
461361
33583
842686
405095
436973
442149
547437
312025
671335
74605
128039
613755
41424
618958
660210
929496
628315
530036
457890
331168
162011
253189
869443
83720
198325
948371
526056
792886
543330
322707
41196
933462
755799
190236
830142
174951
513567
412304
306919
142803
287819
912671
279424
634614
760868
226328
742296
804203
74571
261261
492505
491850
459325
71787
231860
564185
676103
28870
764918
263569
60300
239412
685612
587052
774103
208261
148504
583869
679200
656524
234773
740232
670413
867666
428379
590914
230648
742583
877752
108847
542283
540855
228475
403937
980534
723940
554298
993298
476823
288926
685140
209658
98386
925393
982170
805157
352587
304780
123466
90782
997444
857267
944258
68145
807548
908975
467204
201855
415706
659951
706307
120409
373412
765818
14467
376579
163906
737741
498583
166647
542909
587614
416720
432279
662468
440954
25351
978725
750902
409273
668172
597945
636287
751842
79558
613593
223449
201665
231507
315736
994773
383081
947150
603035
520989
136131
107356
356548
12964
867297
904542
645322
576032
714638
481196
90651
446375
423963
484156
637073
405668
835265
843197
766569
832713
615083
413865
98052
121034
314009
165889
921167
405883
156101
276439
784474
45615
885024
66359
730295
112137
279918
706759
461336
623077
108142
972442
891179
506102
305350
102301
30273
105087
880803
449467
986062
83784
463196
877705
504108
454292
418438
663339
366275
87993
433083
762599
651313
800883
871619
93058
491876
98409
272018
571619
731820
743689
132596
82811
266548
142187
807395
817561
856415
434837
281123
658827
156161
590549
881125
634288
261529
31298
393501
674895
979897
7476
931793
261160
334036
24485
367073
257874
345872
885695
821070
633358
446525
811139
808145
724254
45600
778858
923573
656990
214306
989469
873553
723493
967252
854900
534550
224768
666423
321622
119488
366976
102371
743311
381049
270283
454076
495895
543811
944988
522087
649849
136402
705874
406226
586717
836706
415436
758509
651458
371833
117591
881685
420854
182442
467350
272038
439441
145711
345540
825161
412205
103410
710994
619791
746001
814060
666693
564401
385874
188203
804178
773506
618592
530844
586885
410439
675903
165966
670084
43446
742408
699924
631729
524608
696696
619307
5123
892115
247718
734431
938034
625845
454314
356814
531448
847258
311700
442824
788777
243430
186193
808834
508414
47269
649369
218279
591027
637447
215748
805951
845515
158913
535413
610195
191027
539766
994270
939816
552257
393408
677157
897881
352241
244646
966785
455219
960039
548498
525950
775593
56924
498450
50841
503220
421951
353254
76076
240134
723832
89208
694526
119011
497779
758600
403794
510420
479411
955289
166066
760879
239375
843315
916296
288399
826335
699478
826560
573183
473170
463764
607073
200118
259760
503691
277073
4231
351360
637282
781307
444760
995414
829048
540098
14584
616818
356520
806120
413933
423066
646418
898248
114295
296898
723460
342967
557645
279907
590832
539635
169792
377320
340770
364438
933887
146028
195473
668051
397799
375189
951755
801326
522012
385479
433157
116064
917866
152507
136515
851549
310138
216884
237901
691556
80760
852007
719918
367684
469242
772262
424235
353561
632414
295935
813459
704251
698644
613196
447940
792007
256959
494639
759788
345610
109629
163532
837468
936556
693821
702098
675982
881257
409480
398485
937503
855497
933360
197038
293579
946646
112087
900057
808495
222635
484310
270054
444270
853763
731235
89653
752418
782670
675793
302433
189298
386216
824014
761113
974440
139769
967270
964478
458617
839403
142496
853994
889489
453508
297383
735711
334707
530810
737459
212084
295307
913275
960218
227709
466681
716021
261709
48881
914631
310146
270320
958882
897452
910152
747917
495199
159027
48864
48839
716811
507302
781213
384382
536301
85498
861117
224100
656201
69189
706991
349294
368859
918920
450861
381048
433356
24422
738068
17354
160165
217699
280161
230986
786104
448867
121300
512045
503218
691959
8445
451658
638027
82986
438951
807159
954133
688988
129313
971268
930520
782680
211338
872460
621928
542901
320007
344914
512036
958270
527043
700491
286737
111830
796193
376298
554404
721369
978526
167482
336065
105859
527036
517313
703793
411270
997595
682026
828234
216388
806008
409801
939139
984229
585087
170369
211234
738658
378573
178841
101574
231989
699472
155474
740881
28423
613047
452056
855344
71072
475539
853205
523731
164822
953036
698334
524354
550426
216568
33550
993635
76442
850324
880717
918830
246002
637865
777236
252024
6315
433874
792380
258653
399926
557231
659674
266913
790294
493093
218323
542758
451026
353650
101564
130993
775799
972877
791215
359069
121881
830893
414921
264509
699333
34475
882934
861814
378014
868954
707394
291801
15175
392028
143052
582416
352800
450191
5362
250269
266794
760780
957345
587339
179303
371721
60997
756696
932817
602547
390210
271352
572198
256273
572238
515577
28211
428355
927021
586671
956105
765871
772549
127435
937496
265996
144134
479886
705895
732445
17918
349796
626583
324203
296636
764219
626491
931276
816034
32264
290697
911473
474063
896010
759577
150281
834377
740116
649164
753036
571241
462316
568165
789931
928986
248208
642505
17252
663415
523667
275386
244106
865061
875645
34915
837642
808412
321796
129521
911005
682249
989347
225364
606280
460198
14026
884089
318765
838964
979512
428487
349561
219060
316736
492484
680732
702405
497316
55687
877045
977565
322881
688036
256007
677672
115946
134079
142269
335705
910750
488902
467058
576446
664047
868186
65666
309895
962018
364028
841050
758460
990622
793884
977417
982535
726139
610819
124102
147775
351764
19103
596061
189478
547306
605383
572018
710549
978361
542750
728134
652056
255006
988757
858830
197969
75078
70585
134110
897729
147813
315036
239855
334088
693264
391865
628724
733347
793045
184928
238999
622179
529786
355975
81930
320911
176338
556088
602069
334238
596718
704941
827892
750076
885935
661530
902677
924039
353416
942950
34825
984176
40754
228967
84378
835394
686614
80737
247860
807186
359145
541473
565671
225587
712443
678624
393106
923558
895457
520078
951023
464593
475270
468084
956321
649015
3284
355581
301999
588846
297297
221334
805331
493200
906007
439725
144023
364681
801452
11071
708016
925900
58784
398330
179322
497665
266330
349936
824048
7485
582933
448918
817573
557681
670249
778125
35576
464545
665837
904387
299630
259665
146567
39941
737750
165850
249635
617934
329518
267411
652551
121092
154640
986463
121328
659966
441772
353218
493253
625034
398967
936927
725898
605392
338498
680787
865484
699683
93337
451292
845396
623260
553769
540668
78248
7544
869142
816045
958877
183193
542459
231215
370695
460966
750617
672600
411075
33071
450719
811903
697038
552905
91600
163273
330358
111579
328396
544027
106170
431844
819873
218089
277345
470097
738145
360850
117832
2997
233459
488817
166181
836248
632661
393627
78100
399298
912459
546247
345878
218466
30714
347112
956466
465302
760360
984485
234277
130815
932081
56930
552269
882496
516283
322946
184563
271055
525197
838150
898083
99230
181691
507140
730250
444106
33606
335538
407203
716138
733467
700
724036
493362
343979
280478
44750
342843
313911
189932
233716
303863
861429
723719
766005
870134
382861
489226
503527
324480
181888
241981
844036
296775
176119
216890
493060
892095
403825
282663
175852
353578
528745
336901
968984
512264
865445
97197
105683
698397
765856
911852
200875
667267
394950
747293
687645
332495
811856
618613
357758
601097
781676
779004
921038
358849
177426
667801
440910
678210
296976
111533
720573
283587
470193
11041
482576
663964
566440
341282
100771
617284
133475
191022
434198
212909
690567
919034
342810
200838
742874
573252
397750
250141
335467
928875
371176
227775
876800
654886
876183
198994
447293
837756
462587
782116
719105
833911
598242
906116
618487
568652
796904
721679
420745
152476
175267
58151
146425
887716
113350
145469
109302
229683
471138
293776
434943
155507
165729
686942
585708
607422
644730
996639
343072
599345
441701
769104
12108
394480
739941
339562
796941
954877
946753
581527
438961
458683
37795
804739
457256
108630
656163
618619
790880
115523
882124
833915
608761
537812
188706
138854
452334
674426
924968
165794
779443
195310
499318
597230
907131
391529
979031
327548
140271
797861
771441
5098
307953
630893
723236
729681
884129
446051
245594
981314
655986
847754
280862
337646
770607
437001
188869
384342
971596
453590
55504
595487
457754
212913
477382
639536
651307
277352
310380
77977
107333
40686
515435
602736
176749
401463
370341
471864
978348
625224
848434
995638
327017
20209
602429
281699
181094
823516
787966
145456
749161
359410
452527
197603
419742
557242
662461
23474
297508
15913
577660
319729
157398
378615
703894
931863
989217
645342
278160
1297
784625
571800
918720
441467
263712
616450
103336
815458
902621
732442
150826
445355
321413
490219
449631
35964
478632
682796
474860
973518
600681
724793
590518
91480
836725
749511
967786
374065
710262
324745
168333
1973
466526
335028
280155
509265
344787
89475
942917
489172
904692
377431
906468
583029
608398
962809
309161
386999
469365
606402
523467
322782
746027
760392
181502
216439
244988
330580
714843
733891
947333
810439
685626
117981
205608
614792
749706
382190
480481
328135
970676
536465
978504
614625
659519
729845
568971
961512
227450
711543
869702
71624
726750
316193
381664
637922
993091
319267
946805
213287
2767
819635
179348
975670
596710
54461
593829
191847
29559
686071
479123
273433
788017
401983
517159
21010
828223
937090
315913
151245
172473
145619
112661
979674
304734
184718
101816
74419
921895
363241
891250
777642
416431
527563
486354
349005
871426
505394
480435
519378
307024
244120
35213
506006
744040
565691
281080
173025
670274
58792
364212
620768
488738
578687
483469
515999
59430
685103
10708
265800
9721
924327
791000
926202
391874
619677
995726
238388
29383
113560
734968
320246
614777
102776
964495
422604
520060
681060
776068
148238
957151
703202
647133
547732
243970
388449
234904
54413
948849
576071
491751
487940
351740
97257
699149
315125
699983
744128
589538
716380
281543
402946
905756
576109
620117
1393
902886
956117
648623
119687
21525
773642
415943
119369
105088
977095
550754
370377
879595
974387
686540
690023
525197
763636
826519
392199
307652
223708
790650
244056
826164
152555
351621
484031
926006
337744
689795
165277
922932
934037
146762
504692
637050
855571
519109
840260
260806
492328
797960
118910
95932
417240
418914
299962
83662
680473
763518
757914
201884
957305
787659
74014
339287
762363
656322
501206
793515
532554
774877
490628
23337
341562
550905
184792
178260
12969
236595
620158
26891
153970
699779
333250
213045
411750
662514
328381
792923
475556
474275
187781
817190
691526
777723
647776
738240
696752
817325
491279
835785
652147
777053
15378
306588
752116
660959
428069
409537
815359
116368
246510
28178
649948
983671
674713
897314
454317
29224
825607
4102
406467
553963
438220
297410
716950
930871
190422
219007
340663
288609
268464
143733
224087
168906
131605
585387
557969
975498
231631
594807
210192
878639
653717
454512
259724
113567
352221
410347
705244
969443
148793
178482
481009
142707
395581
486223
909796
670549
417549
703764
974426
810531
886048
446389
868433
496890
703620
323549
461302
894457
654804
722545
442655
28283
403693
422012
297311
454876
212132
846561
5319
11959
268316
361377
979621
400224
724727
270911
13686
8896
381116
615881
678615
773174
985824
273436
791557
428261
718072
602042
214385
15239
996387
893878
626819
14360
273674
24740
333672
254094
671616
880884
382568
489157
26670
783887
212866
695319
507227
520065
71904
588374
39750
538576
151884
228764
316387
536503
988213
484393
335644
377285
322390
473937
606274
925708
668201
152158
334232
67401
863518
814336
614283
483710
445407
621128
969001
822030
306718
365669
164280
123711
524205
667541
971613
370771
193491
811960
86507
954127
422822
254094
672939
311073
527805
879401
103710
654361
33803
371219
824161
669428
196961
956508
66114
411197
295881
646099
881828
122439
273910
869001
846647
425965
63865
106866
576576
846498
982397
846729
571232
539740
629846
527809
350714
916005
664763
316922
711641
258796
909741
883881
577872
264545
139099
570884
660001
366751
38787
210995
935381
407893
278460
258198
350242
890734
723960
208129
241981
79238
479085
309355
888915
806818
575956
591105
463489
736655
79481
515242
74824
777123
317023
236971
645592
269285
503616
41453
422532
707431
409064
700337
512812
959960
359206
203755
225373
444258
545303
396514
552857
13436
839339
154619
623264
730859
823151
629619
659813
360504
298966
33522
593083
916544
262408
44885
739038
253533
866137
460197
324735
129662
597355
512066
779789
382503
990424
95476
105726
587914
662013
911513
673494
154798
452451
686085
255153
805008
806182
358545
496711
416281
360363
183543
648901
998892
777086
915899
551979
130948
363335
431491
385135
715977
450479
269269
992089
324254
487638
843009
469175
189939
145431
101588
191591
237515
202216
408418
770220
678718
496333
497076
282711
756392
616496
897694
880889
879644
811967
915887
438261
169504
158722
843073
807176
272672
373490
194371
438252
945893
738311
280853
383899
507305
393979
413412
18275
109114
189952
137925
275131
377741
115091
875941
410818
330313
595401
409336
414867
578858
726388
818600
333989
132448
526450
904490
625839
424009
464514
961109
759096
97901
73190
799993
580595
457326
911688
963244
559835
900784
190604
193715
166144
637408
846620
228
208135
214445
963837
25300
740754
953421
9878
365660
361424
402816
964608
531310
519906
299226
549475
833544
473616
418626
396915
769683
176177
737943
110178
884494
163184
35929
881841
942460
35707
512488
493049
427210
659945
441905
677009
439799
8111
639428
605893
735804
227726
382964
899212
827652
663735
936388
872040
343157
39794
751829
363518
656892
972305
567877
509860
505079
990100
751224
675640
93474
285406
405252
914990
671090
296870
189789
971765
178391
957182
202861
67863
219652
803346
646204
855299
973590
88056
974625
184749
550176
171060
600623
212416
921704
913212
504622
32046
754442
729894
455382
862528
827621
288162
206180
59251
952772
986432
707704
527803
693476
956596
407720
151707
80194
58305
663483
443319
292856
39045
26776
941648
238554
51096
485198
854775
385402
812536
606294
664424
713756
581052
170651
88556
915493
684394
919617
189290
385893
596958
598022
530825
846340
564388
662486
915461
273009
818538
663625
383694
264147
145851
571456
401802
598359
335856
322162
309105
991154
809964
896616
963619
56849
699800
562583
266732
212167
117949
294387
273340
66947
37191
979378
571985
182674
296466
245075
159181
538665
147983
658994
90526
236437
670341
906253
402089
231584
388679
463689
927898
623644
652060
465093
576672
233751
406890
287265
771886
383941
907480
323613
75091
118708
900304
909746
646908
532240
877050
310861
371209
891666
422088
859384
945017
214806
607959
659058
884084
731163
986961
86940
5409
507442
689337
986526
852105
938011
980505
28446
600486
509525
578389
798986
299025
565689
798401
492964
358479
584510
384632
619719
413858
96316
717649
171432
106655
667649
368823
800523
46794
777537
397394
282847
722158
976491
602068
248459
77298
75194
257051
587466
630219
102624
472978
400455
331143
129269
665916
13275
971160
17069
901712
163144
268301
683866
967379
939563
243621
106275
475662
794214
793596
776207
96031
931725
226905
258778
165460
736725
299467
276917
460399
800092
16599
517707
238170
388165
9418
310066
895811
715525
693180
675963
229945
874452
331620
171433
320900
250295
711774
394747
805722
516378
920597
588818
746420
544925
275269
572618
172008
495914
737039
294320
85334
937352
692066
131166
878868
52943
349476
57102
867154
338686
676902
630089
853057
901392
848492
558513
145065
58089
388809
409840
179310
645042
413627
492325
253281
886682
912284
757179
352837
87641
659661
609617
403139
751009
503591
311563
505527
950549
608532
238212
623968
116500
83418
147401
797137
305114
310619
468401
605093
914257
378267
452860
178010
380481
885376
395858
401738
567199
926905
982032
246132
508867
136701
227209
172739
242574
200347
943420
135101
101458
774191
56574
143282
591311
799599
595764
42410
943690
637116
882533
377121
716406
300396
742676
855940
276747
318837
907089
639945
834643
436214
134114
364690
723695
432280
997196
221626
704839
25810
201116
418215
365710
233136
842573
731030
830064
751594
858926
55530
798131
359920
401831
456358
451785
335693
845083
170066
59924
751796
391151
494176
245688
104712
888394
485434
309475
643639
589602
261793
341206
666950
199079
477593
256656
780865
924189
303639
96941
558300
731536
14396
505298
256998
581145
609217
920815
22434
256944
31236
543405
390000
516647
872537
975111
347422
140982
236501
971962
480921
308870
711952
98676
85652
500083
383419
61806
52514
557714
680901
631651
788558
663657
243123
574246
476225
457301
770387
469200
627313
721916
104456
666039
22652
232161
354130
149718
957590
91559
46669
217900
798043
121387
130511
300003
143220
446929
657565
2438
819609
249731
585296
534666
372461
940093
862240
911183
866916
92235
954292
474656
533745
808764
921581
263094
440905
28110
121067
694125
460431
241079
560713
760525
721967
34755
72645
192694
536982
147315
314617
191967
751050
913632
121695
430627
489548
576237
643049
292376
487375
731094
877047
940644
114621
374381
390630
291519
845002
854345
808669
124913
263191
655327
359954
966889
364917
158134
917320
621961
706862
460118
477297
433731
589160
968409
890122
290043
442695
846968
555685
346423
416481
110442
521802
706221
77728
561735
658080
699666
643092
203252
940536
967671
434939
755155
818460
93977
114418
610344
736738
47840
782669
932468
666583
447937
396066
264944
850661
954069
917561
508198
57770
505394
629584
244729
411505
870342
106743
603707
228013
495490
745511
627197
298662
405001
434905
733935
208447
549566
811385
615215
623281
819572
421105
460846
798462
382983
260685
993187
818690
585645
442866
272731
688537
11021
659425
475489
897716
678819
670226
978920
815114
680337
747926
742829
171945
373458
91009
509252
449361
431097
75473
934932
508535
230203
299901
158796
408961
908742
697146
929403
534942
35930
348153
737325
520725
362393
695621
741898
48119
633629
158084
893816
712460
323228
69210
294978
206576
819602
691328
800532
563610
185882
38152
401647
328611
25195
181904
155728
325852
399161
553284
44871
458407
354456
411723
80808
60615
142671
713725
701279
675694
553846
374539
215024
693150
64893
236335
712828
627476
688983
703263
530308
959705
141394
789934
549613
308625
740542
615057
247185
570040
759770
300721
579257
885098
335695
114180
782685
595880
99054
429874
14530
277209
929629
621626
982608
454201
14459
818778
988676
920540
181367
808362
565135
927781
295736
356277
291732
733297
993289
242130
474916
512375
592024
112365
610308
871658
66535
691291
353528
89197
46322
155476
986794
340117
387149
555548
210350
300703
818855
98428
468293
349019
302990
946950
960047
612568
273309
962800
507320
74349
920211
190169
521098
839614
343648
824398
488553
405132
59158
446261
270978
345057
755965
260082
876398
129377
412368
161081
483157
793873
745188
356428
7204
428717
777843
284497
710632
603266
324728
991120
153840
716470
446260
864720
160151
625978
764562
769685
597509
583108
748586
368435
86956
509313
857463
442275
133687
282226
297353
689635
897702
428085
90598
119289
30553
317320
614634
469692
878715
993868
367827
70169
948380
670234
4277
380459
205931
617327
240296
372837
257052
262006
525245
783528
932059
714085
515577
238380
886434
900755
508273
639971
505584
114707
875242
755228
820651
295652
904634
738535
61641
170150
87284
325621
541625
579412
68251
407048
536458
753170
687291
279561
550252
902777
535720
527291
850277
108387
25107
529323
422124
116157
694456
505350
444290
137577
374380
256758
807366
690684
364893
849588
31976
634104
506205
659939
352551
614988
327364
178746
54082
938122
679182
734281
949987
648217
744135
276658
515710
100776
349962
737894
96396
301306
417187
655452
518178
286660
572885
854369
478086
947535
644507
548190
910698
279136
914967
789109
751303
993913
79033
411070
719718
222266
680216
287069
648577
811264
537396
59597
782750
543746
343608
64392
565735
164435
906622
384551
326243
613925
94645
255928
396554
316022
592773
8640
734911
990182
430331
120276
261898
597581
529298
928692
928930
885897
7786
308276
633069
792359
126163
215165
442763
4831
472769
491080
143010
3100
569400
571753
315359
322606
545446
682055
568168
435784
251798
319773
354603
761425
272308
763439
462533
777508
992809
2289
491007
484385
436591
127284
557104
830388
595066
762856
881570
933538
12239
840844
699798
730359
893186
705508
987982
216205
777833
344304
591603
436565
354809
139562
347231
566193
797522
439059
109339
512814
133633
377930
474857
365893
914899
235108
17190
800392
517811
196113
47950
216641
95633
987366
388395
113825
4040
932441
60708
434238
923620
159391
678414
218850
31446
553406
610310
798962
138806
411088
428936
126016
584813
647003
175912
348936
486191
127960
358031
866770
550025
9506
521150
680134
329049
521912
645445
497355
343090
247532
297402
126845
180369
364791
459336
743826
417730
528090
721740
332194
85796
467153
116804
753247
704837
762053
335759
79652
860207
763013
187381
860263
995994
836700
518443
292555
115351
993765
350069
821401
122701
606525
299084
368380
649764
338602
378981
295569
436468
116301
641184
732202
479825
913858
193886
489168
837100
114071
335963
249457
182709
346982
405341
662813
536205
428607
639862
561502
132992
966236
798988
906547
954782
384527
633079
712953
619143
325754
540793
459401
852254
535753
283610
129049
299821
216283
499026
823728
456110
105738
928016
19553
986921
167474
140074
262339
308388
335221
625839
530703
750830
904690
129854
692551
171569
721073
76191
842193
901927
705594
294506
424799
470137
653127
946822
145547
650536
199785
982122
102681
654267
495392
692303
807708
906952
802432
693071
219839
991103
33609
773386
702804
12678
826681
846153
156056
681335
225381
957650
253954
479329
383862
761637
813868
528002
599475
898013
543057
873172
535947
766104
550098
793377
48413
240024
585129
3385
264582
389179
17675
979242
560025
740930
511429
822668
55610
280752
364392
226841
14276
204160
268187
625216
605863
580965
239923
91964
276896
285966
524949
539200
430824
697644
480041
451594
860905
297641
626277
265147
941958
10701
429899
235704
216096
901619
814995
712860
523844
881142
402649
694630
814569
29764
151697
964671
542270
485508
601272
92123
493338
791322
374488
835953
392335
155789
59572
258556
624043
281219
962338
726416
520048
593588
695675
171054
967545
254895
689152
28639
258825
809308
504778
458705
509368
113951
695752
969835
547870
874722
674759
213883
41292
493680
621730
905785
277175
694995
450200
956887
220489
141531
880448
302306
288357
824788
492578
572109
864794
252816
315888
863991
749810
814421
201105
494756
96533
464751
280734
209834
870260
995917
97997
317085
956531
623679
404055
513046
72189
583043
285549
972020
991934
364689
974062
86887
734165
780464
585294
77458
598323
530354
855060
993200
533275
300653
700642
356401
242016
601698
959517
210503
674287
480958
661999
938423
803363
909995
19796
529244
937637
102660
139727
729671
83846
887671
96601
197
359930
954472
546455
92499
585141
862972
383153
712934
203530
983256
278144
539959
979818
761330
699806
617970
74214
646403
135039
929866
209835
849318
50123
266654
810045
217721
343414
798464
626698
576286
911104
55643
148289
420221
534118
773264
77742
460017
893751
703180
311302
888729
752594
358572
769361
684676
214732
258665
530284
874574
869172
98771
217515
957612
433905
327344
541386
139634
135214
979222
347686
685259
409003
348951
96395
836623
843022
135427
924224
365714
167928
337655
349682
947011
319966
452893
994267
23497
992419
920648
244523
13966
939097
282271
566713
775289
248357
245563
740423
348014
146295
454302
146129
530606
569909
596925
909771
615870
552346
310825
17181
476258
100683
236720
403551
512202
449206
32654
54538
598131
413959
381219
565767
106464
579324
242804
131358
73598
810729
661629
956973
496389
242196
722959
241602
367932
107379
174388
719165
387824
596641
727832
619067
268338
369401
516303
649940
35701
683250
371241
113720
406061
283479
807946
888901
703359
646364
677023
93992
632805
212338
37455
49270
653179
76677
628227
132230
656987
971331
149534
630570
435067
83434
645723
686750
436767
226636
248562
366029
987191
879616
20727
615962
802342
462550
970527
986718
527882
113713
293026
731927
315890
814953
670779
2538
207050
142020
127195
782574
261086
959318
223319
722936
381547
517639
178594
221754
413994
771278
15492
743084
81160
936499
149236
815427
113049
918432
101819
69164
444873
77065
932420
777012
583183
706772
584739
470924
696206
30590
112657
420309
469006
277677
240960
768357
339418
14784
518802
872947
227649
554225
269563
420169
81605
67003
452151
486512
128876
605153
608753
931356
275896
363558
997319
814395
882689
92245
167602
887251
192266
901005
12704
467666
207662
905379
427977
830446
622399
246183
38495
550705
782895
32016
468197
729358
645992
591424
992305
856991
813926
739944
198896
661559
608209
664373
971847
561345
286226
631316
246374
814719
896834
134944
811807
103531
925852
819711
735558
705949
343362
21814
85697
860482
54684
448791
391633
296342
364077
92893
450296
928022
308235
209339
841821
380645
761698
336055
148958
937827
681200
671207
785841
795389
909753
522394
581666
554085
570235
85826
810617
362172
407247
3430
581502
331975
995560
551077
631409
428436
850680
620007
113500
613170
307606
526588
512033
406247
732535
503607
24202
585613
592601
54051
142758
165201
972605
254325
128086
260333
309799
692592
429146
683013
377077
664105
887933
423171
723182
349633
136508
924477
267570
191241
345898
195888
528417
544358
500586
958880
395687
235394
955119
349873
396992
416992
74086
359703
393463
125197
997363
843325
78754
133576
419520
715010
219476
530762
832840
241413
399806
60435
40710
328345
868693
397853
26966
627959
626667
497554
703245
801632
418941
45196
277235
142980
245658
972615
524742
684416
564141
203202
116780
754224
243520
678521
684922
421868
785510
697024
675718
913565
683159
560964
296243
993509
456727
395646
826251
118408
301933
534485
268255
864128
112210
589268
877517
279103
781572
565979
304126
337410
209923
86518
554591
918032
36495
600462
235063
374362
395249
928599
616947
110688
359511
610948
606609
182933
430684
766016
314909
542887
894532
139210
755369
430573
281334
639620
201073
341632
350836
214292
39260
829416
90035
542084
818215
656902
582175
307749
301222
924685
844772
207195
3965
49455
252458
823728
823943
733248
13968
554876
835779
760844
592517
460061
397890
992721
396668
694882
661542
972988
402
690907
514999
85216
560358
322032
931811
421290
783252
337981
42060
714693
35417
230343
350395
119137
667815
85861
959310
538735
514552
349034
969107
81363
431747
283666
397556
166803
842613
965959
536895
964922
457844
518514
91342
763186
489316
359332
60752
392134
650120
5605
294430
494576
337109
666032
741411
696564
929928
400722
48240
749186
749566
876152
663224
25546
382208
727219
939198
756600
191567
316425
11929
464014
357712
21114
487263
711160
871000
6110
529568
543399
64402
738109
330117
109605
386530
496634
573494
45646
567340
176159
354552
117744
984141
15184
99205
742122
825281
854287
952643
986359
271443
632902
814122
172520
79489
892767
559442
614342
23923
324152
359575
199471
911571
492438
746108
264024
308597
255189
916128
755702
885554
260556
894025
841471
653613
807454
417378
324589
248561
981490
408612
346420
778609
672803
28778
499489
950968
637016
601715
929842
705139
458176
969850
325422
427195
527003
230107
814150
94036
716294
754573
247205
830113
753983
592250
950695
751185
239205
297256
52537
216135
354997
553633
183301
675984
755485
5137
777046
528723
529083
118154
445221
515214
605098
944887
798879
606101
69441
731720
366129
493938
579338
225006
190324
995084
84450
567260
700658
751038
428084
994446
671477
916547
156270
123714
903888
784955
889009
425747
272474
550724
328596
616581
416402
578822
712413
210659
311874
500201
640742
284713
210251
318700
780335
866779
602774
250547
165536
445398
989849
357594
358701
185777
479111
292149
260584
308029
512753
757484
964715
583654
700143
803750
946938
212086
735331
92944
788165
761350
540621
279250
310571
886393
377716
804689
938269
604174
450958
845947
13879
20963
352486
943941
481354
219556
292088
373009
745927
869836
707597
32271
878767
245633
427510
79188
501535
183405
835393
280475
51268
758173
966214
658175
644953
312649
745311
648893
132416
682046
548815
814913
456993
814798
584972
352813
812286
456790
486857
228811
779384
822390
863694
897912
809810
732314
121660
196625
400305
255437
63547
379293
736242
498504
475883
356509
877642
252653
569962
25149
754159
560483
270717
804350
165102
994276
772657
537873
45188
394758
542053
162520
624583
741367
655727
962069
570284
621692
745367
345110
612855
934345
757949
783674
864250
802759
731437
928986
575956
42907
632048
121432
162629
209344
719738
603186
884986
719293
940491
193085
385230
958603
231131
959925
417120
840696
408987
162870
168904
574112
369023
493861
569409
118714
214703
682449
84731
654869
13744
900717
911811
650371
557693
519004
828861
978066
565658
534543
139098
562933
389909
932178
532201
708012
198151
650333
452654
526744
233691
462439
99068
953244
83527
413640
712179
4268
961134
563026
643139
450952
875932
56594
852487
977560
166418
433049
22296
984592
868580
557575
51732
389448
42503
794687
963666
206543
263413
583099
770351
612885
217994
323724
874323
81244
29344
949434
582216
92558
709087
786337
433027
150854
884730
137425
805488
479549
892804
955502
55896
519955
753134
657255
803805
44302
507586
509095
731328
102394
589715
305357
859939
936916
890519
54010
40989
156743
895401
921458
163053
860811
345
208089
406649
313067
541980
363869
11992
795580
119948
411211
857391
611688
267279
891524
54520
534025
450166
755982
337599
57775
879261
684613
489823
308178
101787
842957
647408
261074
496276
651699
793554
468918
429768
781832
931413
215200
243817
120258
513483
108681
243901
294509
783471
261102
579967
618872
466924
463624
319875
487801
945750
402799
651706
117356
900485
407323
85440
403915
543494
157623
222593
668645
717397
822333
958136
745792
227895
585123
482374
831390
913581
631795
84308
150141
362489
668774
309901
657078
742772
693549
647121
672285
572915
606612
693645
33258
900677
997494
932196
640375
450974
780949
272874
554995
490289
182544
846854
403397
449852
54470
927562
671997
455547
952464
501516
665494
746189
533398
720709
731023
835722
25543
888294
845502
170693
240552
900612
812071
639959
381221
657808
559527
730876
129234
408267
680334
725891
167941
850848
188726
676847
908418
318339
731371
777744
112015
998406
665971
445120
865952
209419
802544
703625
77864
749682
972785
150213
286013
306108
592040
567119
550733
569627
633826
966841
685706
453607
420321
818218
306334
555071
473853
242668
713085
344261
730459
371155
516528
221664
208869
718433
592019
230471
548156
120586
501084
123521
280348
55750
316887
27876
635632
229678
61807
570558
360285
456885
550026
430728
790364
425751
372475
305077
322137
486675
785300
788549
723465
194949
143666
862293
51923
168194
394708
678210
874212
986956
33719
994354
641199
978387
666150
680500
117928
357682
237278
215834
785358
477975
979541
201776
283564
407141
162396
466778
825590
819137
545042
293063
500374
73168
778150
229089
588886
34282
441206
95332
710731
422292
619520
266405
991458
505507
772628
12323
248926
167445
674510
94773
238754
135057
337375
172415
50959
769009
659091
303193
338393
961101
264740
256089
772232
671396
203455
515574
285444
168352
496225
79477
677039
487268
456028
659736
957477
701492
579871
131384
102927
116104
615442
173229
464334
452046
795852
728965
943969
966592
355222
255375
603221
8455
922743
409657
594069
495845
641807
830565
726525
788942
246765
357916
610281
554742
58329
993073
941478
217792
531111
891246
93292
579939
732421
970538
919178
745401
714242
584573
425391
235667
310427
726105
686610
688758
729321
849933
892184
252684
263310
411344
582480
871034
805353
866074
386412
755170
449111
27322
32759
592793
508121
547727
311795
704045
946168
551328
591182
471696
881382
989553
250851
824898
704514
759156
839113
697928
219636
755467
177098
979879
923087
49832
341438
810125
517741
712505
19690
477143
520144
333023
69757
39456
261538
254013
727545
444261
848620
954154
810031
47771
586352
250328
471165
682563
134492
759189
592828
292210
881453
974164
483298
435191
240930
155485
224180
36282
709230
525770
371293
961181
430022
968037
641107
916221
585621
676834
452065
61215
821491
228279
498246
702467
428421
989220
408129
214396
834886
789728
544756
737912
86922
108232
658217
75538
214428
464078
562737
267483
945714
508871
685371
584844
99323
967327
613778
207055
885235
247998
666488
145931
117523
23270
245711
758589
295496
503474
539287
217253
536880
327182
571471
867190
839348
233286
375705
294553
857551
681799
347371
818451
777546
947992
192269
619894
221862
458046
457494
987215
142580
380175
963657
950528
657632
993152
258291
104787
291164
498726
88907
594994
249530
431161
113807
728038
327071
42647
811018
926511
354122
369116
443609
167061
623906
878913
710555
939970
352711
394225
751408
485672
550262
375300
869374
963950
575626
672639
201561
451613
498759
493578
942990
111342
84977
694529
366716
924849
546050
672558
408433
446141
469593
855149
384843
774147
254049
524613
391122
814018
865264
855415
882529
397023
374613
442220
148448
479156
260550
249869
17079
164164
716500
611648
600612
1324
330206
38072
538654
380051
742153
881940
795692
901358
230023
905773
185732
140002
195404
909899
186676
36256
809180
945752
433512
888301
872346
906930
331874
415782
130094
818178
169131
621490
434174
804820
514116
805963
54613
566920
179092
441883
195251
936365
688816
42567
350698
203541
691158
403815
418186
897429
598928
341007
106389
676259
759410
356154
685907
371663
184094
917581
153714
460965
248334
713089
233867
353582
296549
211031
18596
944566
224969
776349
894637
208834
955615
619545
18602
204446
125005
385470
122044
392858
569612
643815
765090
684621
859284
497126
381568
985088
744339
8387
277050
433806
87003
237029
156039
59423
563134
96883
190122
664210
686803
79883
389338
460257
631116
556084
504983
85877
565199
739407
550445
24541
463786
61012
67967
660355
714144
434458
549060
660228
476058
609777
127274
249292
98378
238144
233075
664390
228292
329584
363814
562028
307814
921491
433573
473221
675543
553782
522170
904659
778705
146052
594933
522358
117709
964069
374974
257302
449085
732617
147506
839916
443579
54265
779315
874771
418509
371950
448135
160823
545576
86088
965693
349451
755827
366517
642109
732883
234460
282566
591364
738207
616227
96795
624916
4616
641063
941247
658554
353023
347935
887580
882119
764390
561117
962552
519007
216419
891181
121208
281010
594756
243287
22794
560951
75290
830602
255909
641742
924580
652821
768
674635
316381
209860
331109
753541
967848
585430
919631
934887
909585
165599
223178
677414
214579
715269
722933
757331
959309
877257
130760
188797
999226
610115
31429
580511
693428
929727
450365
73850
420219
4325
83467
644842
474216
182354
142549
531163
8065
185274
739870
349118
42097
14478
373717
277926
391827
184531
684140
763721
159339
306721
722475
526861
820398
562356
225336
704425
825749
329425
745950
794788
743656
129188
966648
431617
328760
828899
776881
377483
348190
738702
574417
41724
880254
18604
539711
640351
461408
443919
151048
961958
146345
708634
521568
281088
103573
722258
770326
206724
562976
382427
295840
534813
853563
948393
192586
547863
60462
187328
850250
758613
81708
557285
224916
619825
767195
871766
578088
381854
310656
406986
336419
103280
436384
278999
726297
66213
873281
167615
8033
53040
687902
476579
333435
362500
129270
903072
70984
510732
604317
879286
683734
944027
762200
575893
830038
912672
816175
35703
211778
338164
639735
33178
575546
668375
549441
36030
838684
65886
88954
397896
883106
540777
512868
349447
975121
352709
417872
317875
640
439095
79290
879066
17953
395438
38409
922395
404420
309548
7218
818783
53047
910729
221834
511936
915490
639326
174927
541493
119475
784608
30932
517963
917638
164814
49994
417024
810243
253180
499113
482910
722883
895407
708166
177834
83946
704399
35816
571762
230307
802268
348309
841699
707520
229688
264770
443280
542379
554013
407827
889241
459213
204370
449881
936891
558020
193432
815061
214853
188630
281182
19674
193295
878192
113293
549777
937670
47552
954288
750351
66937
252249
30810
182485
978514
356669
18030
560198
603822
590402
178512
411539
391330
146288
678094
46716
720877
994639
637463
935040
756100
115542
736181
49811
57972
855282
702925
26292
800874
112335
612692
616006
386158
625002
755448
741394
865637
211837
728333
799929
256647
266551
26283
144611
749572
511611
361199
916092
375660
562289
735850
60642
219749
9715
642010
159832
937369
806801
206986
806185
271887
959176
211521
976885
177883
370816
334787
404694
453717
132050
538928
186678
746251
437695
974857
211696
675681
985914
279673
746668
235823
429546
193603
161065
619589
281890
509576
986832
386270
570973
454793
257556
606326
244947
574292
726959
570137
501056
149959
367334
163065
324300
428382
633180
910646
188830
961518
8290
187951
992706
535899
988935
904337
562395
914238
203895
645317
931042
256419
19765
837440
943183
781362
276468
89609
878285
679392
266258
220504
392879
632888
123019
468735
172978
507957
61561
680352
679723
591039
887628
802217
611463
639065
541100
440974
729158
696683
317256
914923
425954
862125
644368
607725
471782
956127
745042
816425
197137
211164
633783
865052
153421
987705
350537
426636
521116
661709
743102
729229
456601
365087
609559
104302
788135
717770
427105
31159
144466
353845
662666
723102
654452
692963
527852
122655
324573
60314
766303
561959
526782
497145
173539
396726
282371
803109
240178
442173
29778
127104
299033
23573
125982
909701
810278
175337
545397
266628
286423
871747
216059
513137
861787
458267
456258
784567
869998
702280
153651
759305
739239
989449
454416
242934
678263
769318
920777
182458
813495
487400
229375
339591
481517
962155
736680
997391
695857
806771
509953
464087
31453
826969
224983
631230
919264
255610
585656
919418
235413
88457
620758
848878
312022
573096
847499
53271
953674
472954
921972
350904
729188
72402
15222
804934
554487
485569
545495
299573
556623
957330
571656
231916
645020
378263
564203
186296
254221
128595
383965
568766
851387
470811
574702
505631
176315
773763
180360
23817
762333
521801
437528
969146
195778
203415
880012
988401
211464
841485
230873
213484
653435
467387
80702
861532
92753
797694
476582
717263
11443
34686
221819
21254
208700
526986
853114
994789
238449
281985
364029
378497
809573
371009
850718
968958
41636
24131
36931
467711
923282
796640
826083
424272
471269
404390
189913
109903
2316
598631
10964
521599
279829
740790
193273
272528
487379
393826
385283
37423
655847
302184
445284
529698
659004
275785
63987
302631
459470
514415
961575
17095
875231
691038
472775
95173
611385
563627
200708
238252
4467
200050
388511
778446
151838
469067
294703
420932
614933
280914
784597
279862
160948
966043
307501
530043
232339
836785
407450
159145
672846
142563
756027
460527
716061
858881
208938
608502
89788
18010
734097
886603
694160
156116
223078
701066
403748
40766
834377
689699
943989
135270
113780
853359
782075
867315
589817
141986
825571
908434
378008
183922
616961
525610
505944
297149
406179
573302
636435
477540
142277
574669
48322
371294
480790
71362
675367
708207
725029
350457
93398
49838
279299
494415
73022
56208
873454
355723
388736
326536
363060
335177
27295
40932
953514
226490
696392
254769
938195
857087
749312
943792
438343
220555
879676
594291
505292
799465
887361
394301
800764
863386
572159
712097
912833
116191
413869
324271
924640
61146
895769
657517
260696
308772
572666
399039
627005
382539
588559
744900
935095
113615
992290
657282
907914
921479
416145
334054
544533
970793
207943
625950
377593
784669
436851
723842
637494
607372
603042
990444
558021
148188
259631
186802
724559
285188
34356
481889
678807
481307
635336
370837
223199
616584
597515
898724
313933
75958
447324
254159
322026
686883
895620
675412
907748
51908
926035
311727
998433
985414
253081
125788
606802
338205
925668
619043
155412
23337
852652
734245
819080
704726
581957
146033
767940
621995
175297
263433
786164
497343
248299
6446
720971
199209
30629
487113
838100
608420
89326
803870
505824
635009
699237
359143
925742
247343
259939
199168
640572
751675
471299
78145
395115
619462
738695
863882
396488
821166
327253
528898
601299
626970
523661
429129
206767
406008
543252
392649
452847
690147
488959
31397
653082
110102
133572
668315
870744
964200
373200
541523
741824
512332
57460
5819
356542
297638
147831
947075
358049
851988
99397
574184
884963
571016
269751
675817
363931
140991
553158
582702
17159
980393
15607
551715
892510
943013
152371
951029
461722
846276
183022
491542
204164
532343
816879
685769
847869
358807
967426
119833
147602
995707
187613
969439
239779
448940
878833
755339
825809
916355
757098
90146
999809
377108
188195
634
95720
255097
184735
461949
395235
481446
532635
797872
524534
261070
214913
435637
985158
957151
780453
414140
617123
50460
492842
660857
804481
557139
917836
710898
746135
140057
157764
31976
737879
123077
655961
499901
459318
80436
178100
915250
806591
325824
684837
650891
833385
279101
166630
619884
52571
787292
326649
861464
541611
113005
434212
163850
133413
498201
962550
978916
870537
579702
130884
856927
106692
681298
363311
671479
286386
418636
728202
383743
240004
753220
905317
701570
369350
657450
878939
416886
919206
983729
552058
221006
118646
604249
590203
378625
19737
200329
835968
86070
635736
711682
225523
193403
836863
863899
320993
675904
365128
315516
802807
867913
683801
541118
76436
673445
105021
701559
188666
340485
439697
544987
299003
962686
405733
119903
953243
860585
735619
961798
952286
786713
928728
319212
579119
677745
594657
43711
381966
789449
568021
849370
75742
601128
545987
768622
578855
935782
208690
751794
395895
873620
322116
800878
861344
275653
363932
508361
976712
458157
590728
542154
12410
494964
342955
455140
357997
221652
840266
307169
748125
288671
146377
842806
152645
252435
205322
724540
572969
795993
316654
138460
193907
109818
336852
201159
295224
382676
920153
299970
616307
413544
102160
273225
342943
53160
783320
418734
6878
707775
224073
736679
524357
224360
85497
182283
738701
348805
302738
537829
658832
643595
570157
752877
980545
80824
918399
865375
69477
291776
632763
300429
194884
657431
310866
52252
541060
577996
943859
893332
716092
168480
484225
769456
618778
281229
845891
329465
694356
983851
880445
974162
972461
843308
696533
789369
17076
841630
879339
875151
717823
540159
754787
231480
3445
982011
577128
369374
647519
274952
697306
328584
58419
261857
988321
880236
745459
125142
644465
943009
757712
119461
941894
269374
391355
679136
961356
580764
329893
80816
516409
496300
657553
265149
108585
97982
329553
396384
875382
960799
501458
450541
684481
872025
708277
55855
433452
919044
838684
487951
304639
77779
177886
945858
946889
65802
147121
723336
773153
595805
615474
351204
316056
91328
912163
66443
536927
487192
269225
841410
138386
189957
418414
111062
798423
399982
569321
675782
169136
480751
702287
381872
401911
502347
134194
693914
576941
268399
77877
904219
355423
525462
155811
36371
140084
52892
384089
406892
971171
653936
859562
357575
66152
130177
808951
704937
810607
800595
799409
38914
996934
624548
795229
993084
167491
7905
905956
369755
461125
939823
841441
313705
150014
285610
231896
588740
880209
184813
904431
818304
213411
676358
169050
886230
554834
219817
334091
624871
437010
377533
202904
607005
611442
589622
502124
172304
70637
477976
504823
133889
68771
816772
6724
913018
660716
545414
879922
100490
763340
728334
670632
192488
889767
811685
444662
779469
41243
979875
489209
784984
907746
826239
565896
3162
596466
496357
585706
976451
57175
887454
987310
100423
698335
28367
812379
390580
512699
790051
465728
909318
744684
355801
980584
883040
658142
515480
649161
850678
916332
419279
476453
524422
888067
516751
51498
117154
884408
844307
147877
268762
328167
308139
210641
662173
489112
830981
179529
28887
427304
397266
760688
712605
29119
980334
310186
369909
663639
250452
272550
343545
775678
702566
6477
920980
305688
406240
382767
773157
807062
275303
814844
93727
626072
371884
140512
419631
399319
777754
663426
937220
766035
336342
268238
610083
440118
209817
349153
570444
564000
338633
776420
996602
996020
190099
100684
882145
850728
539301
137458
712090
99295
571565
116133
407345
157240
454962
79353
749072
167759
893655
403366
890361
28051
929918
605443
712934
341314
155785
613921
659305
199264
346371
685236
559822
938178
700852
193398
995200
468336
347405
261560
911891
857874
893565
614400
914060
56499
972035
887887
276218
666233
400352
676300
181145
864130
83580
12856
766263
665943
608944
551213
423257
460839
281421
4189
431782
801940
5397
422122
756772
308514
203528
857334
806737
104396
823459
306918
366272
987444
901386
387366
886754
510867
909125
690575
767782
925862
661677
680293
449197
17828
781575
26720
580062
419461
857043
833477
728627
503112
837747
929157
92335
854939
647950
646732
241409
420443
80535
835077
426853
57249
254264
899882
265052
197647
852765
253308
858685
621331
499980
352709
85822
345147
174412
244218
830642
627860
276076
162702
201816
159716
958725
625644
908000
44699
434324
747340
126001
432420
680860
486914
125200
571669
672287
125068
67174
898506
630962
66276
87620
196950
268302
846033
705332
763913
329538
580177
639776
46857
119982
721709
434811
902892
671960
527328
464653
303739
231772
277590
998645
966271
624632
79299
670292
783252
527377
297673
624769
427678
269419
468386
27193
621502
346703
630791
16122
45105
479302
58056
548424
111874
560978
882195
227902
520346
780483
308026
655173
756890
281189
308621
119326
226331
467645
371848
66808
650025
411220
704471
251852
157712
171681
399875
539008
969326
697141
904504
589440
46514
519031
355227
437434
989534
718495
981559
823165
330566
329537
612764
257947
460064
224908
742132
979799
283585
873566
743878
161582
734655
106577
717719
510477
559527
515384
762816
188710
4502
951221
717466
190784
100704
326267
501853
148884
772383
173901
805895
441911
344268
758757
607993
324198
414014
630710
761625
717962
687615
782878
524118
253211
315771
779574
743920
45367
474342
587868
866731
64322
820387
223249
101348
307857
589796
600716
914551
314206
430397
688602
347051
300550
88017
221195
740242
989290
875719
461084
704364
893916
530749
838919
378067
879504
969738
513639
58326
83083
229281
778927
944522
464602
827704
556646
187753
417834
86614
368361
72551
611970
967919
706598
399961
563960
503931
318704
324547
542860
528025
282807
663269
553484
608396
826966
618421
645537
613738
987966
171411
833827
867257
649070
928225
348202
515406
586863
631613
960943
313633
279797
603670
340586
985251
589348
273598
411461
753430
403212
350137
629921
459392
917255
275990
883529
527354
147407
424435
251689
4450
502316
746606
43399
123049
94169
959080
391882
173669
745158
100329
894953
296578
253325
77725
15475
919687
302885
347544
582879
136174
620168
330812
778519
25405
907644
884195
798319
170609
225912
96750
212157
150931
995305
183566
305254
114499
652007
709547
848878
594484
460324
901527
212986
411698
595224
775164
737604
193699
821667
716901
764438
372573
282091
291019
660614
460497
184757
678307
89322
312220
899015
758008
190285
279023
808701
164557
3244
27648
96824
54142
60704
963074
72500
917500
861695
454493
400896
842562
642464
371081
119484
865446
592360
235487
329664
995890
242213
412417
925043
985315
109186
41755
535004
116694
719863
692740
427082
105912
466810
901793
481758
679302
305450
247886
341499
273242
596754
143453
814533
297635
196175
60460
924431
417140
45626
784836
945545
43654
919069
397827
983757
359236
910621
850782
187491
492553
372831
280809
430700
733363
869513
252430
709569
114720
358853
319584
94438
260415
637479
470872
784021
646869
734986
44799
617913
512916
969424
32724
946855
375021
25145
328236
650
221311
221045
124954
166191
758749
76478
933019
444276
505999
754338
369141
618389
637565
818674
553962
782614
946541
584155
843906
508325
293580
397382
924694
786687
17361
247475
827875
951275
192232
453216
489396
329615
891863
515488
660788
622244
620478
268743
146016
885333
537100
292141
153364
979694
920945
698786
547614
746591
45049
539657
418549
749766
203277
510286
108008
131274
521665
653688
218299
585754
52040
411987
685088
336491
943152
724346
373917
722402
657093
161987
716028
220352
748356
291865
524704
769472
245936
779367
808579
866540
446101
590395
371044
110045
971358
771090
166412
16957
727153
149357
13132
352445
212582
202483
759620
999916
441292
655355
576288
767266
698482
967117
393357
882547
374815
455886
332213
301336
649564
895949
615520
233176
944321
44448
661982
634998
321882
410880
504522
682195
499007
959006
587962
937148
917915
858949
527625
665305
755240
962047
696973
169607
139409
297904
129812
581650
797929
757947
604368
389053
449398
374231
859523
412470
707637
913618
26789
692972
926102
643587
57657
697613
189737
8838
391491
576059
316382
407966
434759
226306
599492
328669
109097
551034
940308
891146
998283
66943
849898
160288
533679
575856
303708
429953
674156
764949
704165
187498
385276
801320
419812
734555
75236
571377
617575
608391
392107
342140
188963
763302
758036
10826
291209
842633
760246
720260
551932
366384
630002
40311
707245
381890
906505
979168
657379
456573
50900
942720
372327
249596
323691
362809
72946
480715
359465
527229
567195
939864
990008
926139
718894
967507
136363
182694
273823
74801
86505
742785
376887
182924
885322
711745
885819
110106
166829
723196
672407
864245
444152
909456
931457
843511
627639
344677
885628
853534
786065
891035
545196
606617
540370
565573
596255
974678
14346
88479
222619
986154
502016
875342
923431
477854
737411
685040
70726
355662
514441
606516
568736
765483
470350
54346
411644
881185
325311
437399
422042
569020
904014
982150
993356
623551
963728
349070
554195
786257
217239
89352
804109
686275
623244
762867
951058
481702
296869
660000
549629
763028
902267
173804
527144
37915
915800
573934
162260
351114
638584
490290
428978
707487
612025
10572
944155
165167
860976
414721
811588
618965
117574
742791
856271
568720
921007
626915
852293
269698
898
348674
371103
88312
269049
823344
148842
102570
857835
119285
785097
193107
578620
218834
926028
781720
166885
989348
578666
210718
844280
59619
333494
521761
918429
540488
831289
778810
268754
98007
498822
684196
188258
524366
158423
172011
119029
446410
619825
960401
660841
655853
544924
515303
200436
364415
897791
120143
430679
887945
920494
552450
827588
679308
807030
875786
639768
752946
74955
442061
587032
802614
586203
918276
753491
769189
610344
998512
609728
572858
426627
982886
22182
930969
206286
846466
332706
701383
381722
717005
78608
520669
760263
326471
836732
600196
98641
832434
197806
527993
80825
368366
187026
678326
413006
882393
654074
910050
475193
60591
303272
886533
389875
685950
806465
534902
308258
43267
739686
881171
877060
455438
263240
488149
655442
459343
993845
24691
612598
211670
417849
109845
131719
766145
73979
3840
219872
965460
817139
642221
126656
587288
904272
211662
222635
743889
189202
818976
41740
394632
64997
95703
757507
747088
147145
494951
622553
582516
240529
877844
359354
145440
723848
675014
569672
269620
673960
627298
161951
567633
9669
3497
763877
881330
580537
79176
976840
552723
478705
460858
316679
538725
180874
492737
481777
168468
413594
19536
551854
644748
67287
985775
611279
464516
618321
901606
44445
676436
826138
716369
626399
541524
659669
360689
440429
270217
699037
647927
765497
157278
322021
86365
525722
166475
152624
980362
971616
496297
315368
425050
95355
869407
840720
118612
696116
513457
417237
106159
359303
99787
509017
283829
745966
898178
187802
299414
634853
629155
519478
554244
247747
35912
221223
424889
85798
949593
969709
559565
987855
57703
799898
783018
218368
987084
630729
624627
349346
182263
45432
205434
453828
996406
584097
652924
322378
286030
665911
791942
251269
861787
930414
243199
836797
869865
113349
889339
9947
107529
70846
112318
461282
130878
813823
372091
843398
638462
669496
559805
629703
479548
96265
706441
150051
66790
224041
483860
21385
97953
34268
964053
801027
467067
125737
48379
748830
43115
896995
425604
420520
164368
555537
468189
879321
28280
188364
501948
440620
707204
455330
799748
408030
790789
67209
475269
262198
860616
213411
367688
143142
997682
210463
614806
987759
54893
897669
962489
164204
149468
628716
830843
884849
99031
891243
162503
377598
738347
860906
36387
324752
149600
846146
300899
342075
916078
830797
52452
639038
683195
764337
424250
478870
694117
142407
273446
403794
717587
994208
953839
255493
805606
764767
668948
738457
621131
783683
61491
100347
819114
800368
659480
639153
192589
348681
640523
290307
179247
187731
206145
391181
271655
657210
845297
323490
523946
237413
399155
394875
910371
176379
741610
571326
57191
989981
635795
41104
487071
899309
358963
353631
124890
761980
398257
69430
694649
330206
316847
380166
725866
932835
753798
786033
119856
302502
851658
923402
791622
335430
970064
489425
985140
486380
792124
895086
717436
794357
456343
454646
387610
262315
897927
467182
915853
45771
15264
720213
88143
753156
7253
987778
559640
344688
219422
216428
888893
47908
312080
494600
487697
519375
881347
257103
931675
154315
515291
544931
317372
367526
562370
884225
496946
479479
700811
29361
570887
840345
256759
401097
98066
123905
427703
812756
718089
509712
411239
371436
680536
340851
21907
19530
314311
437998
802358
339207
788625
938855
359578
471496
79280
427183
600360
971630
803817
483126
913486
244283
695987
684916
617405
716304
709024
155337
570176
132162
323518
682281
926393
980205
812592
273953
249758
772689
935801
700246
353607
845182
607986
289203
695911
252369
462178
968506
372397
381233
426358
555577
316451
443578
324922
540557
844436
368982
814103
711673
969295
279656
315819
393857
161390
411655
947122
462290
892033
603834
275445
616069
197477
799302
519307
950809
935587
410826
274163
202599
194926
3574
579594
202623
720023
310042
968282
290507
367602
147229
295476
384428
365939
925866
373497
925125
988136
765740
560427
63301
93429
619380
650477
653348
414840
773285
370334
606686
94423
347912
469288
863178
673693
479073
246649
459678
856460
176998
783136
207590
340464
771939
170382
408527
70195
258082
694706
184294
116840
420427
980917
55267
388097
984987
283526
470146
564057
251158
265244
942466
645964
287797
322694
53354
205959
47265
643695
833890
593334
193390
373174
866493
928533
738442
232864
246005
634134
416366
55774
866540
638997
739881
271155
425415
972885
674512
476500
629612
985696
571324
365262
584351
311408
788703
321674
428874
334357
622275
808161
706585
534936
725138
916450
781799
870023
940287
586264
964334
144012
888949
199696
416238
83073
435341
264372
23654
770709
170650
499128
33684
109402
126345
309494
439239
16572
147235
62334
274290
628105
131525
580587
155372
90313
520671
705180
845896
987903
208667
336114
935797
440272
794027
642057
557047
558035
91523
299985
155534
528911
602509
928218
806103
639278
522205
298739
203573
402202
196710
878822
281468
79830
329670
800716
736716
532454
134656
873692
828256
138403
165370
36490
243758
846193
823253
342924
836199
614936
407969
955337
263605
453607
159883
698759
85122
637637
989575
170434
391925
1384
451084
851981
12328
888584
455413
12132
898809
592394
393850
678524
335026
666751
995410
676458
909132
692260
878844
720207
396327
602534
447483
442727
724883
104779
582767
199576
473205
716021
165314
474601
935766
143669
902656
209962
530523
862932
364673
664554
553485
511237
631135
242566
98842
473717
686277
141040
390204
74246
433558
950934
957364
728809
17666
54160
408863
316416
83547
893689
371235
472316
250521
827667
824944
440851
359614
101634
343495
404173
469071
357431
376118
797406
129982
496856
618266
605830
28968
888876
161562
643678
884975
667824
908840
40743
623878
666181
869171
745777
202316
54968
891619
360340
949585
394500
964454
39845
216133
268253
16186
298791
363542
436093
424922
840201
982644
780188
950431
139418
932412
541294
836851
569715
466909
680302
416269
237008
786149
355961
461532
114355
162071
808528
767856
194846
667983
386577
703718
355081
175464
91556
308894
243812
957479
571681
872703
132623
768994
489374
874253
678898
645536
989735
897538
744042
858674
181216
479073
816558
163137
460199
481051
697553
437663
982693
281906
13441
164687
586033
212536
673232
990742
870758
10980
38805
918274
587784
716618
55453
699289
298469
43826
482611
372045
826464
673036
863026
657150
783001
133967
331150
990803
484432
46363
345804
935953
328154
98582
934575
906258
114533
740986
319966
804638
141248
814943
635853
899545
719352
227826
687333
938535
652558
747359
654999
978145
17578
527535
12119
812516
339385
415970
750450
159744
218265
503205
724279
322655
24137
325483
450479
277361
323057
590771
308819
332606
888376
91741
573056
741411
820623
165230
