986639
689386
953631
818333
39119
414488
115130
802390
914928
851379
333535
787896
856332
639575
934543
479616
804575
448604
175258
623347
953803
235041
241793
219041
208719
919732
111249
202187
998809
941665
178805
62286
247010
863212
142221
738275
712631
133493
71333
442906
980123
368094
431732
891939
412211
653286
858859
750302
420833
461429
153884
629378
109856
830458
272137
873644
454042
920716
602828
565004
587912
728568
360184
425396
742200
330064
167725
486435
275223
240223
843058
324238
917960
477085
923536
232991
473264
300887
228534
946108
42283
686243
321752
733401
451884
219963
440474
678896
346709
693065
166414
937784
337561
669503
197981
930493
997766
882854
540529
370953
