896997
767901
139721
64381
313751
791483
115824
291180
934408
528174
479820
939467
238894
900533
746420
658070
967017
945270
14543
575602
296542
30284
681806
262945
423821
684885
684647
83658
955461
361483
893457
282335
759273
256192
750404
344688
127673
475726
931613
879527
434452
117896
363619
543444
57113
356369
122109
21978
319875
529400
607341
881501
926703
370965
339989
612033
532165
673240
505145
187541
400271
304210
400234
284699
453019
938624
586232
732510
50119
753848
427662
691343
868851
188244
164427
226788
147523
386896
487733
889133
385332
134713
893685
734421
504435
177686
646062
143681
953972
294531
353384
806319
819382
680062
946115
817302
752159
841136
199427
154113
876025
823960
973
444130
1824
867405
878171
493221
413797
351927
63991
806267
657278
482903
558937
782584
543503
460436
935139
598313
76523
677114
444007
726835
60731
348393
623860
643127
120006
768660
243152
165568
899471
509826
881317
326865
537236
337324
475200
687819
304063
160115
798381
544193
469436
916694
392168
375960
829133
602144
325037
519969
286837
934398
891310
78463
90089
840185
639505
751164
76346
815781
922328
326628
968433
767837
274345
156561
520131
374487
494162
884646
996117
841515
655136
57246
831966
131348
89306
183217
820456
901359
92891
687211
750083
59683
626686
95387
477856
575822
852676
680014
50078
980076
228850
666033
441761
309805
31381
18748
879577
724260
750126
627688
556252
369014
56772
74766
745859
566746
670848
505363
196769
99240
443605
374995
391856
311331
9239
177261
134344
454898
111569
684790
721576
777006
602343
399792
432224
409163
65898
482399
60202
475941
368328
764640
844197
9522
927801
277121
449752
84271
617303
967723
325659
880381
326481
955343
898224
902996
162932
992482
813289
259221
254961
587343
889603
981706
342022
652320
118380
306960
450273
605764
476082
170467
284504
789307
6945
249277
776529
274392
874452
761075
792515
367338
415462
164104
257515
585597
653810
911302
530307
175604
640697
734380
30289
862482
109427
250538
97583
429132
474929
345613
3578
631463
576829
330333
856985
13841
293042
308592
312301
141088
322904
643902
771210
335598
603542
348727
591360
734515
497542
119337
311372
634318
591512
690306
828916
979125
108089
72510
819245
467151
260771
177271
199556
399398
685916
223135
854395
364986
783911
825933
21685
226131
755967
179385
922625
454796
980028
99236
384491
268824
276227
68039
31203
466325
713164
364137
709081
849788
633416
323937
819007
325407
773379
503916
47387
190773
248085
98665
36729
556065
41457
698702
851317
106077
610184
954032
233671
11926
171808
663033
642963
131418
687069
459552
195232
422888
120780
463345
161160
837478
296929
18076
545300
487180
853809
422064
735469
362143
48931
97117
459636
882704
400468
409585
31136
102603
540039
954668
261185
207989
441297
477536
463107
326987
134577
951518
386266
538982
129604
250388
250195
820841
721642
485398
839851
757787
689985
83824
885317
305668
420805
82268
692405
272134
317362
766220
915372
720735
138263
651385
302222
282787
406610
482428
744899
446437
196888
711291
338701
25331
154147
502273
618056
615384
875811
146083
39896
88381
234267
654697
786425
165728
821570
173953
973885
452614
416933
895171
622673
676818
695032
793685
912649
972691
401512
889503
723199
707104
243005
74998
192918
371652
680847
335198
601003
827067
44494
572042
656514
378521
843349
335418
31091
195788
334803
928049
830887
768273
571361
958331
988404
484785
494504
863839
801317
798902
57083
488791
729489
718923
344147
956718
91808
867019
357968
84765
958037
625239
851326
835843
462956
501197
728372
987579
286379
645619
100008
888779
503866
681627
93762
153191
296686
982601
339629
422427
740370
270122
680355
694719
332926
101500
673916
102816
889742
18781
284634
108485
782843
91038
960428
537473
503956
333737
360010
968564
740071
131856
424743
387943
124911
755479
61341
207742
978192
456470
691296
383057
656555
17695
108581
527980
769363
605581
683324
396153
459428
181520
217702
989639
705996
627849
312451
128570
875595
506732
195942
685204
952553
359950
347505
400086
221969
766583
14254
229791
220042
959974
728226
729793
819344
503356
352097
122629
979992
970973
132263
133378
382494
28246
806815
68200
971786
928575
467532
140897
269418
304123
981699
192507
902270
183245
274647
821157
913630
557421
33469
272226
445470
856202
546507
703074
18097
885477
492052
186665
382070
2286
825834
547186
892608
567223
557937
748533
783021
811311
511442
975046
715124
365288
364970
799809
562606
732999
985888
797977
971273
438790
16071
151271
391413
953173
399263
579781
326141
262602
191156
216417
578549
532965
820973
284325
438777
597369
576534
462751
277870
930435
770238
540265
708852
504089
69391
94458
57358
53639
922937
127015
94807
623322
332118
957259
529909
335723
673252
964998
505648
679442
298152
337208
320855
749511
207905
547345
918149
464225
492346
423706
594940
74738
272319
212647
160303
354253
286909
4643
291116
25464
601649
505687
260600
351093
900887
64311
97996
851595
636548
693140
487000
910336
328795
2647
20581
92665
643477
469078
41286
139959
680149
236393
334446
547334
734898
23726
403339
564069
199765
752508
843977
46291
1832
8065
24638
266751
265868
162836
101100
606628
415395
953202
51679
723167
132024
192370
516110
693293
141623
465640
62943
495521
886264
748597
822790
250522
786215
459031
726175
786139
396731
923594
688658
452472
481987
100689
325840
600257
123783
969802
376887
23073
690451
888249
956495
501897
626027
169960
152713
754327
496183
320941
546949
504429
845043
462069
138096
377344
881969
501030
181419
884605
822712
612730
200449
272222
12393
596460
157982
362788
35086
167603
753234
898224
92738
454975
875678
139117
317161
927833
672506
423713
563736
537982
695784
337741
369830
81532
84386
701913
314458
665942
836625
231110
56478
303160
796746
53380
463626
316403
910809
86850
234384
61739
730700
847645
974107
550138
415194
727296
364067
519613
781254
750834
785589
495112
775522
938484
173258
601370
632187
631569
99225
944533
712292
425722
250721
823128
775401
466372
564214
737332
494930
481964
921119
943912
847036
877529
461189
20968
719639
884053
932532
629229
144057
503249
193457
65858
762005
238772
954876
329053
31022
332414
342663
442361
493424
336330
735202
223167
893190
555266
121700
887249
899205
630401
341594
552463
810734
411886
377061
708389
961338
585667
547503
382013
9434
93628
935592
425397
847831
439780
188812
41752
217234
700389
577837
346522
254967
529394
459190
70008
451440
563203
868849
930310
132403
833989
83068
793025
497639
207350
604875
696845
642605
296663
389801
533830
262327
839221
230199
160116
840501
761328
29085
9878
673773
749924
932711
868053
576838
717105
583241
307336
295637
654967
811854
640883
360946
65884
178395
564788
325375
80173
499718
484655
273440
804753
266028
523740
891044
850195
214185
595741
185056
571244
635604
365658
659468
606262
16348
865266
954286
21560
65479
426674
190563
864147
