87120
648277
67497
479414
18421
84856
831641
516264
962350
561513
878389
720887
264860
623624
657641
795914
840284
782498
92968
925478
982866
971856
487481
203862
538540
391963
959433
939474
872923
302424
252050
875320
511327
689603
391520
580978
461921
579733
928226
383706
822014
245868
300009
219290
375989
102855
326403
591139
756522
277468
335541
259955
960357
71846
243890
264635
647105
215044
317007
916331
204792
232823
680483
380705
304278
885581
532187
835069
842279
783001
641995
633315
82369
612327
596243
22714
719619
477985
646008
354331
910408
973372
488428
143428
849658
703631
699508
155779
603856
996796
122740
682407
198092
934775
587037
908695
405823
942728
619773
450497
964080
463883
15043
582964
103854
87225
566985
920154
941098
38047
987957
27889
164728
209695
387060
122585
51750
146935
358623
164858
857209
828331
275261
189912
979078
47990
231942
603579
927181
657457
815701
861079
104017
955591
818013
817065
583839
289911
2937
955939
854336
306727
940257
125924
197223
521091
889457
244183
348515
121467
226805
281057
302579
992865
585204
643090
424674
73703
904176
571036
137510
298339
300022
736886
222346
490971
557349
703087
419586
609817
320577
479370
366659
267931
92368
814902
129944
779680
632278
130805
28355
398865
937170
494347
254020
276473
316677
689055
729462
632900
117606
328007
164827
557690
965565
656058
357126
689250
905140
520379
762623
20207
780088
228503
281291
761341
897167
155989
961054
319037
195722
256197
951686
747571
652960
81158
739241
387486
751223
393364
857150
678782
709194
701309
32539
772099
79938
505442
14753
640658
791771
728505
634037
350310
643537
695962
201406
299484
928121
776791
65894
778165
677858
127613
665013
247506
286622
253585
878823
893282
285168
691255
760246
787010
356890
350877
435382
27440
371450
273196
255010
94459
985498
327148
127825
62756
164067
780121
279846
496240
156403
989675
651060
793616
464098
30649
211196
79416
773721
766564
950827
525912
314922
924803
169392
661354
695625
941854
434686
393316
619023
698707
409974
194536
12000
88482
530272
335775
266290
23427
484699
820039
387659
171030
21682
174419
977433
529067
121465
474829
549356
504434
471463
126983
982753
223225
43252
504316
635016
507083
216439
75730
897610
660187
890798
719212
64983
693825
495751
860800
853832
719388
420246
90613
313524
328602
283502
236722
752991
307566
925598
563992
937923
293251
474479
800169
243914
205028
100693
796951
48562
321120
124745
559301
849173
339066
113998
562763
430261
653410
105624
383669
145660
601516
614458
828169
397153
564163
44565
707065
5457
888388
335257
611355
572788
818014
355531
713117
722987
840715
647987
496602
314426
197221
446353
293791
66663
121941
701704
692456
401890
852558
52501
346035
290403
645182
558072
817972
170730
782057
655315
430538
518926
611020
8860
539223
810957
248644
281650
124189
637117
212723
647968
854259
335255
920854
947941
888572
927420
142081
239585
281393
811579
839683
14014
613778
325369
168149
968260
283379
555156
187876
256664
106441
778963
443513
375336
341664
928693
374096
82511
763169
378639
747454
540411
482471
649504
398890
927551
690506
338032
377449
373232
131995
934064
206536
790072
245095
55215
556484
61264
714935
221127
274481
730657
64156
379419
600531
70008
209431
86204
931895
443029
556553
816420
963729
306485
918740
567247
341689
18267
826700
999791
516168
84269
593906
700242
245173
952585
150396
849117
805446
373519
794779
683820
881839
921025
916696
842841
579903
328454
909872
836096
591290
313056
595190
92563
598703
924738
991199
25364
629664
34854
573376
832896
44776
551211
949640
344715
695130
363735
474375
3229
377947
861552
536443
447219
89812
479830
158820
517080
449441
272335
450044
809046
25857
214678
777941
147953
980215
742106
79978
881768
725626
799125
807701
179088
709024
827541
546206
876686
813425
770325
388750
518772
920769
633734
391960
713310
111447
123487
972785
590690
879408
564116
480815
900615
761869
113192
252681
760250
830359
979799
357595
655288
295574
643696
36098
696921
999763
339553
385067
549605
737135
964511
301608
481890
417445
656007
13031
467098
409994
827753
219333
551598
937760
647982
923359
868915
878266
285968
738139
670543
555096
217819
365803
290258
904308
654859
325982
538041
371315
35760
488396
814878
665756
165371
893140
620376
763028
840731
272011
559069
579976
36276
421793
298886
339018
681003
599576
265954
986367
240970
140575
307172
882543
464014
302267
817978
879427
30811
730724
254512
45499
793104
100413
839585
305100
200450
744731
874382
64602
920258
647350
16287
690843
783744
232614
119112
77555
517324
45711
515601
217239
218524
735167
911094
805827
682966
145789
191093
678583
192205
677797
285322
947849
41088
838955
623330
598672
313605
697482
981247
677757
730893
598940
814330
518681
689600
624597
618317
146598
84615
661928
251934
575951
932922
268751
740734
22952
716335
226313
174804
227294
894258
624702
496847
954091
7406
510242
242078
839153
189169
32086
253188
449761
153358
456953
956068
214040
19776
337513
763142
315368
584425
881681
85755
117081
749704
432163
56986
722163
710073
780432
582492
69283
968301
813784
905910
5738
926495
34424
232013
641538
37552
619547
14276
299627
831429
677862
250337
283645
67221
634213
579368
502231
221624
980427
548009
879467
154319
890241
804867
371836
786584
59335
989282
253408
429442
62155
164781
820044
515877
665961
925427
721510
149631
864694
48820
604392
466011
600345
114176
45207
358527
518282
331741
84723
897566
140239
745730
722370
562370
66977
874897
847821
131458
230373
510373
601067
686884
359140
599606
995042
196206
27512
558160
388212
341348
631008
973842
735186
287380
153620
9332
235894
361603
466868
30506
162034
44763
7032
908532
148447
850000
32686
981128
898308
924779
729533
772837
365097
243641
869347
998378
640463
38003
573427
787236
669083
800225
228338
817862
918841
942871
197314
386169
207271
558091
938003
710525
550608
880219
642995
747358
890973
156432
33751
410557
820396
993160
727320
480584
927490
97667
98019
672955
313087
849502
374598
860612
499254
882077
722813
953288
6427
467722
607681
445504
744680
740247
346647
781526
25036
832645
496270
938196
475816
901879
713397
375402
830495
514760
830799
360054
465922
773610
675621
969759
941236
140256
782448
73550
765264
846216
655441
75829
292032
389249
573299
831839
464403
825365
943310
908546
40588
162887
703330
835228
747097
757955
852475
487948
246734
686080
40921
102004
581648
296539
425634
153777
534850
335226
561177
92587
659210
78903
513374
26359
680636
598842
486135
733722
552317
693569
443124
804461
876671
775502
158590
925127
940731
479180
394711
677285
185375
359053
564769
793096
911229
849760
200984
314461
194654
872406
966607
721808
170249
57440
94183
994809
298881
216799
385777
175592
744814
97521
41817
283679
623157
453602
966056
172726
332917
36055
314896
528174
22376
423688
107709
223655
28481
105263
722149
930695
274263
901770
427931
870658
833337
