409654
964368
285095
900425
273131
63435
138254
655062
568025
793111
777026
298688
56972
309110
426379
615277
548910
240599
424036
502057
580103
381387
63724
215948
399670
102976
34609
885000
444028
541558
396290
284488
398609
475825
246093
976521
640984
715814
814318
360415
14480
881429
496177
654826
756383
494367
931647
978333
501088
932436
361091
736235
292306
375342
950923
707732
892484
496604
763171
363506
968412
956643
127763
762533
71589
140815
899580
410694
450182
406433
579554
693238
655762
938358
932453
94752
12683
298961
405324
493796
871967
264753
26425
288906
965094
676763
287894
457725
858212
894263
498331
568050
825350
776900
796702
660488
92067
201668
641768
228019
