747724
243909
657661
406685
953428
126805
440591
128713
552805
244236
387273
370015
475032
875358
191831
365134
531549
405544
691417
406424
109885
759560
22019
921204
622399
548928
993041
792192
44861
815049
614753
989406
429580
356888
431576
663992
340769
873583
361467
7387
634234
992894
793388
710148
6386
572442
668068
628554
875051
465691
223192
611676
649323
348610
692896
615697
964052
533453
405931
705215
608235
304544
565240
426331
647840
877801
587167
26634
971730
612998
581627
163056
835756
970692
729390
260474
971102
540025
607431
253094
718590
656174
304333
519980
917970
991119
530288
998039
64502
343037
833012
789772
317951
599503
478884
955850
690133
443520
877371
174404
