485725
527577
978981
587305
55145
1967
494312
284026
447212
775628
849160
176303
567718
23443
697340
533513
322278
800248
326840
347705
158222
987987
361990
21078
451594
190302
373322
371564
488749
521325
172771
975632
771997
822771
437682
655789
649967
687119
81650
949193
637974
905654
150925
569514
465140
555713
343658
436690
236486
221394
196948
98090
914651
276874
193807
526647
230908
685095
830748
491998
352966
433873
207690
912650
997828
945794
26164
646047
561019
811685
359789
650012
772846
226486
95992
951718
680561
48384
657195
483851
640621
948218
918368
719737
175531
409790
418774
859713
983953
630931
191615
653119
916270
173858
764176
182032
419902
509786
339220
291416
747275
854729
34666
224242
487017
434008
921368
415330
32464
823841
317705
70174
352130
141808
380921
483534
3611
943363
295985
437243
78599
818404
142770
977691
483300
85659
670521
946051
716387
299350
856342
323156
733834
153544
792639
496098
553762
122366
818264
977873
354683
556386
910095
845708
968352
947496
592698
600447
784846
311840
399194
987656
763562
61937
964515
375503
450052
732425
641102
276281
995839
811234
959828
960904
962865
250300
780925
198103
190901
852125
810284
233124
475661
765486
403027
760653
340632
380282
877410
766878
709218
589683
363091
157131
495429
205401
964015
390563
18271
707831
50819
78440
711782
392317
303493
893288
480579
27100
259651
602317
864335
32443
840614
498116
273567
829120
572238
260093
989238
708322
16146
620615
965659
965956
298594
598526
988359
625620
232156
577853
435391
512978
924068
573106
458631
502332
44013
356353
257566
958979
876645
134240
334585
169155
308939
927674
301988
972028
398204
904159
484847
976785
951601
970068
781697
393406
695090
517126
449474
976174
682629
66194
357094
90502
475933
159572
566534
920145
483070
822650
861611
402747
536558
783132
209047
939564
806044
464728
209112
723728
437678
930566
135679
461646
611225
970240
405933
375404
94052
43653
925104
375263
37401
122244
822300
797861
192915
276401
410371
850915
895427
944233
853235
523446
300237
59860
815820
413882
114442
983058
291263
555519
411706
421523
390803
230190
352846
369141
413465
296442
902549
345039
583274
185956
627163
652950
650008
51504
696921
941819
460028
405421
457952
265782
72412
361813
927930
289382
424011
265734
544621
869283
472958
398786
739596
409699
328658
104053
547231
826456
464468
902785
170955
639836
578455
574239
186432
849134
612729
708720
369357
577818
104180
217713
55171
969043
764894
769338
675344
158531
626635
938212
533186
448971
667267
383325
915478
196009
320683
854333
889725
219655
506494
74343
264227
70198
913700
139538
462732
15996
33015
320323
331609
869280
810473
350590
717074
303700
688100
116377
640294
433921
100400
166609
895055
832177
139342
47673
708743
553447
313102
728591
420723
240402
626716
551643
895800
808503
90115
204935
31395
113116
541776
563086
439449
472203
291752
581726
175458
715391
341922
160600
176668
927953
360885
311101
198819
436381
734096
478167
407770
239960
804800
532106
291554
584148
579871
284167
617729
345111
806067
349711
285980
777743
84069
461638
260452
614990
234047
522532
716602
799722
55530
271640
400452
780752
657236
540968
90317
239689
64669
376652
119452
719904
697766
452540
905233
579183
268418
703363
958802
583283
755083
873615
573774
672007
584256
239417
159847
927876
353448
515025
286403
70668
411238
22341
173534
878684
770191
629443
540913
804701
74906
275649
164709
602775
82300
403848
598866
659352
551807
121654
940754
113271
72793
265176
133774
247098
354134
244923
67331
856083
27209
985703
755827
251728
601894
704400
63830
795781
105259
927732
521849
958826
436936
882928
619508
302792
658296
651111
57718
618135
448119
880895
583453
721264
156546
769832
73194
219804
772185
885430
614618
652793
404026
522648
734999
408822
89576
401511
109785
425489
718339
97897
629484
4452
55454
656136
166542
148685
863263
428647
332240
985897
609885
717758
214627
329963
381932
354946
167221
658024
395057
137856
416070
986630
729984
72389
110710
400521
809901
462217
132145
101460
316860
966828
503431
66863
375053
816729
627644
38436
707849
829218
653462
577352
194391
468910
144459
224198
381998
270880
543659
1643
488686
586794
245736
617434
753865
131187
826861
371309
123750
793655
35814
8629
255025
892146
327683
657044
518234
497402
650608
515169
427387
621515
582226
667908
868901
529242
205600
661735
82779
583358
9771
627636
305753
198731
379014
395115
283355
480453
481549
79128
636088
854677
337198
253671
289649
321596
605764
829537
563765
322758
757097
276437
738037
387588
174365
451877
222149
694716
729295
242798
353630
983406
321782
829800
178211
847769
440921
278987
743262
869873
31677
808351
22064
594135
967473
919600
523864
812215
170240
522346
775449
223961
724304
506363
154510
511711
819145
964072
587031
802834
902647
630421
427045
466145
877344
710998
116593
695625
551541
226671
632852
905191
617698
368490
587860
528531
429320
112084
902495
275639
431713
593169
862948
810904
535788
215734
79173
22306
349751
90846
833503
678715
394595
129256
463961
486033
308420
948772
305160
948637
113017
810825
181443
749854
971374
582382
300038
385358
340824
477150
216630
416969
89118
270270
722628
234095
276712
964348
580818
54740
195951
198636
706497
292328
647164
901476
368455
818634
106073
141617
580582
344157
49204
19467
967574
806487
497393
473028
722302
805751
713948
514143
676930
235404
176728
692026
808114
145233
5450
358574
262186
506951
193962
555549
776485
516927
332407
587123
770115
861740
924069
913590
857240
323466
357542
834671
782936
592827
690706
903008
634115
584350
755851
781707
412120
404415
27147
636326
368175
861700
243110
630216
965329
844275
744402
226292
206209
410179
578424
205592
488927
276119
472132
154879
706266
996346
680627
790581
658485
382210
205970
975303
745212
393030
21673
790384
436833
372724
112245
47030
891767
27031
163054
527439
565589
798257
19817
571668
753223
152889
740120
947263
768044
167975
59871
831811
885256
347028
43730
825204
379321
248182
404237
246121
49143
366453
776460
827637
701670
469349
103038
398470
114386
440897
431065
503542
324691
326449
956735
108092
773236
333510
953235
844077
375818
75486
752734
875079
184128
2685
114935
448546
239911
561082
359924
391886
312467
347764
40369
589366
65887
863494
779177
17673
196890
18517
794495
124900
733701
583782
768288
402130
828288
923953
560888
145175
686450
268010
85361
184421
165761
681880
253820
169267
942204
260835
4486
328776
178706
618060
874504
272706
91006
385341
979921
501494
566706
886671
626386
116509
329808
819491
240047
796187
333452
733291
701248
453572
807390
536120
787969
748173
429841
193802
449943
427611
564150
806864
865760
743057
600299
186809
758818
25421
301453
382348
161936
697735
980635
42291
82596
959620
66477
552822
750270
705804
243424
933184
588447
998923
918315
117340
671796
441872
63197
570842
189738
372529
43715
809713
323557
665077
647333
157433
85477
711565
347502
131798
48257
444295
372189
568591
592323
732167
305082
798032
858378
67725
93901
928754
626463
304373
814536
352843
167114
266778
614854
734293
897109
479839
274657
935488
789808
417528
124705
9734
388412
433047
503931
296362
651382
757746
250616
732674
362198
355944
369208
389170
235393
515703
420147
781694
356218
506510
44147
925228
642609
235185
484547
871794
367003
790478
696765
791672
213266
866499
396199
928914
144206
811770
126193
243327
631833
200557
389732
941496
330483
880471
305277
280089
622373
750191
744877
552408
588437
887059
141524
855759
644776
392364
831564
220223
916744
987019
392734
279053
302045
965012
896561
13199
143508
307194
637407
398617
978986
503835
892751
246350
577518
814071
20734
152846
353440
254566
223491
840313
154741
801247
902396
842125
610009
366259
531786
556327
427024
344282
238873
876140
426012
519259
81056
800381
126297
391961
330123
350447
549828
878238
66801
867541
745144
390225
443036
869478
926289
289581
779650
3258
964461
741507
43363
660524
386573
316664
517554
702927
897030
904856
102500
529510
148057
406671
355140
264678
504691
556133
499379
606516
45446
698064
795936
826007
48750
1482
621811
971950
505848
490244
314762
977348
764916
65178
906591
30861
547341
46377
105790
402784
840352
98351
616923
52145
958480
494351
947705
641926
304864
830328
179323
336981
555662
799655
168370
634561
172733
339902
34734
277394
38303
17925
850042
212303
504835
925111
400989
915880
840256
203359
531868
301953
600839
453147
51830
177275
399356
166883
36517
4006
187322
321473
311996
318178
521072
428668
342439
385476
769108
654415
392673
829169
957481
494806
278518
525629
624352
956188
42771
558279
445813
480697
505373
105847
735734
840176
165224
576774
362345
805755
909451
753004
682715
736571
651791
608690
696383
61921
208334
243085
987309
66395
567357
859261
442596
836813
255966
62738
907388
103168
47493
596288
446164
610821
760535
627312
701904
192712
498173
359274
262636
283626
272639
391232
447773
526134
524675
216669
725890
100577
784530
422903
178194
84237
545303
930396
865987
822152
343910
323662
2935
257970
468394
905336
100290
993005
461011
75093
955367
387935
445677
733357
326892
96996
545051
693890
251251
763263
191067
14646
52022
161017
890111
874586
708005
484363
617575
634148
891255
286871
969671
746373
267419
352351
150015
299504
381891
517184
337017
14672
62539
587864
921979
222041
382798
252426
267374
75283
269968
21626
680051
952430
659367
87947
896499
917306
82056
722273
969066
997997
639188
501770
897305
953912
109245
571463
615687
965900
137732
105755
943143
575398
60324
396663
356931
522689
683650
644549
382056
64271
247619
989527
81543
703773
512016
91085
138838
726749
670804
204756
224069
984509
694401
174038
705170
545635
456967
191161
34983
241635
364637
939684
831543
368990
828539
303612
834935
376035
921387
716730
952649
310460
992926
470021
311563
254214
516560
43485
546279
497934
895996
812361
124027
779500
380927
151900
712429
570879
907985
937786
883138
778858
935480
743245
870899
935184
402147
857827
769989
632921
413123
331733
364197
125660
848578
8339
53330
123487
17070
249910
288780
507356
271098
524263
571938
410409
488652
810249
19390
827727
448935
293926
693131
701025
606502
123182
744931
265814
407099
222514
14783
250905
706103
405231
496870
890039
61095
79288
397824
184332
881998
147450
137840
659830
374455
546277
5049
58081
88173
87981
32605
701663
694110
561142
762853
958174
38797
247029
262717
220617
476817
140709
600824
465248
181004
306731
436187
67232
769019
864029
605269
537549
560769
994756
130573
872472
188620
210966
201319
596383
953380
306614
724777
870769
738562
117503
613533
369516
551850
416447
392059
546200
729885
51708
269450
274159
654157
238413
491811
144108
243306
817761
873202
594247
752920
745482
528603
210028
942984
280611
810470
663365
933199
59311
326236
652190
354453
995257
800291
533012
339615
688096
44904
280159
785836
109501
732699
91434
456401
821933
318359
842519
663138
859674
365558
464650
281350
720872
995039
272430
253378
3397
698245
125305
688133
241385
992933
270511
938484
568315
500593
464019
61463
10860
808272
105015
349985
598755
424984
801948
881468
905105
722505
332443
24442
842113
796602
504889
953641
94196
474298
36829
259554
208437
884400
688330
484558
618942
609688
299315
881372
113138
207792
280017
131377
690026
988578
755283
650058
249700
286330
42164
878137
33466
159139
927929
376791
690418
17501
18863
54071
585817
509507
451897
643203
799448
493439
87248
734894
791389
326039
36531
530104
865725
375622
345894
897745
560796
705962
605063
775164
755590
916037
815572
603134
165755
450461
106192
379958
487195
639663
404012
19321
903945
10596
49100
448281
832403
107087
101659
777722
49613
403994
380908
410424
165668
553224
140812
5282
218066
982697
900547
183219
126941
409354
831223
745044
625725
419750
59151
554072
704024
266412
519918
413886
216618
571680
75132
706516
917776
175984
388890
739601
349903
523282
282187
465132
954830
321349
210527
634416
650973
615751
89704
165813
375078
835303
221348
667107
280493
629395
384459
639323
476523
520008
488663
769583
831257
867509
833647
243450
223636
868398
395074
212757
624432
42287
569080
510418
994634
289828
295823
373432
104333
261086
899316
439594
26514
885191
365268
861638
638472
751386
504176
381311
258164
132373
191814
97996
738164
438078
674600
44604
354562
539797
993037
988212
273087
863974
169403
721601
852190
389697
79228
96288
836903
428933
720034
430740
945932
984656
775831
52791
293283
145005
901127
668702
195979
340809
684324
655034
386777
528680
238053
626465
764582
48934
663422
382979
229006
398383
240927
875049
495432
264162
515307
421329
588771
616707
201845
10073
967843
575928
632350
989651
610595
427293
899158
456350
670988
365527
447974
349393
6639
25430
819339
260824
262871
303214
504468
404862
25469
613724
141189
563364
537614
223843
511217
491337
432246
507489
415997
564205
355629
785291
485203
113860
487699
391134
721727
703548
655765
746685
742544
622623
62551
498674
955827
534664
654990
272917
874165
457707
225546
890134
700645
887437
929113
945963
115310
572862
512932
684684
49546
431163
233216
853932
469818
82595
196721
549022
592993
938306
750602
729458
153126
625615
207277
35267
960423
793623
395524
51420
483374
342934
503744
995669
532928
758830
984046
985832
162004
732227
195180
876151
923303
342276
251883
425127
393337
649147
940104
214910
30224
887930
729283
183432
717721
39273
26398
953204
852524
169468
464843
405302
474560
886396
739448
889802
849998
271563
403576
811935
258175
668789
820184
372083
203363
739945
358337
820957
202192
215690
561443
435084
652008
401286
118345
337512
615421
610318
254786
554542
503754
508795
50811
796103
343589
990763
246650
866935
188211
823926
904319
419374
242676
587877
971
457730
843614
505358
391311
964914
613018
488779
262439
266524
683291
305883
529899
337945
693286
213313
473709
286000
157926
871522
41111
625831
459595
891741
941035
78573
955619
203877
896363
876738
185164
311869
802619
203356
520837
538710
421500
743781
946676
49255
996755
2290
468541
801229
55440
318127
673230
201842
291304
472866
296938
946700
470084
802773
761475
496118
920289
457860
188922
51625
332429
254746
63241
805179
542498
304674
276060
644268
720718
804245
299871
851037
850219
415349
428414
883325
6409
505702
567477
141168
275941
728231
944467
540377
562309
248266
715741
856285
460495
673654
420083
675012
398902
718937
333215
88107
574119
485971
637870
215688
607167
635264
941403
743144
932137
80372
123599
92329
895711
816625
834213
227149
150271
617050
599770
753312
683914
113486
358270
941835
425262
389670
280607
780734
168689
170092
769645
437768
115732
508845
566699
221810
40
915178
741633
353782
981586
532998
826800
116582
995083
376724
160678
340829
403808
850046
956977
342692
289377
637219
595332
145902
496067
724738
893168
124950
628256
716395
989405
702136
149873
805343
430868
325930
420903
294808
913838
166979
927943
373063
260679
964230
3127
94189
71510
406050
624548
140267
322031
350994
341230
274181
852104
778329
599851
317408
977666
585915
456622
372213
714752
747016
408765
921923
362208
142282
592830
100594
771256
747905
270486
599692
193713
73511
240546
876145
219501
896728
885675
355275
469035
884523
161304
713511
433870
910752
550247
846042
776372
524613
570802
131847
665682
764088
441647
906801
794305
954639
296476
949998
296210
486373
26498
205916
986899
986537
141877
108851
68076
935658
986384
588565
74572
620414
816493
414899
552597
739869
683839
877195
829841
100554
662262
295944
833093
795865
6923
445218
372911
816475
619852
485398
754762
347816
216929
239590
471538
646869
288335
995251
43371
187400
754651
472411
723762
648666
685079
799104
121877
263754
462507
29212
97736
82996
28537
291378
128734
775362
22397
795021
899828
526466
397488
750748
868244
614811
716815
466105
208679
3620
130703
53148
836712
461387
172867
158793
751010
212447
939392
280647
112027
337715
317920
106762
119958
678971
473447
260211
275951
546305
858430
259936
250260
541624
208425
337171
819556
383042
588407
290207
534429
629343
69990
314701
759926
437248
745512
61608
840754
287385
279243
656983
712175
502847
600695
179490
185914
111306
299646
879228
478678
59442
219355
669898
711553
499372
405439
64970
552406
173100
78813
83838
456969
416576
429345
957823
915263
245480
578240
22222
49914
207346
304896
799864
624398
669912
200931
896017
365181
215709
492888
849634
89946
183403
977548
672779
114096
657262
425004
700687
936847
722028
504234
927766
299327
89146
536249
586724
143931
245176
644940
545254
783781
953835
799744
138074
395714
930097
812426
284458
860930
380718
870473
798789
949031
947199
590533
27116
274425
391714
688428
126728
391290
69695
220195
577905
694977
775127
178656
314800
965295
873587
447024
719773
315397
661381
401281
648750
175927
199742
124663
974432
140626
641760
856395
944728
801307
507957
283243
943896
528753
203461
981845
12618
244072
29112
638248
31511
676960
112606
680312
915215
516283
792743
754792
938505
951095
956073
912930
492909
682227
627270
181202
629243
900882
509852
631195
93112
500519
434326
294585
734964
14714
847841
320414
953557
219751
119930
259957
270665
716218
327908
672790
594542
958216
347591
100117
611639
317115
569955
830098
111597
897355
848952
147150
393968
731317
110858
199210
733261
118853
124657
732465
29350
169260
738455
252303
114460
908380
695104
574351
94413
535082
255992
220726
648603
720475
260104
856159
646842
203161
239940
778711
391473
376274
810331
35326
595304
577718
395155
233066
338959
880159
581357
958944
496057
340082
447611
300100
212290
397341
717384
673375
673667
298205
185873
58337
727449
788442
103229
38725
695311
424829
250194
632943
169632
331450
258894
494728
83339
314921
523583
664647
977395
576922
470012
670801
969908
596273
765463
900394
95842
830404
454748
970748
634092
306955
93966
780183
428244
508880
695803
34114
746078
77318
745590
603235
411585
140225
965700
535674
361662
776964
203605
884597
753254
25944
983056
870035
470249
140533
514333
671858
279860
588985
919790
584753
976134
934941
217670
904555
787789
675497
418898
888329
37182
182315
582921
819006
40724
842907
574211
52192
128433
506028
798933
919228
878372
766158
989301
527298
564832
110195
703275
485010
481652
943802
215704
142587
210012
216415
865102
831547
74947
473961
126796
570998
254957
26288
566023
358216
100561
923090
143040
675048
971332
650159
404206
575174
567184
658041
703718
836471
454384
308423
219948
470801
189368
459932
599305
777459
55086
32888
101686
869239
18493
2959
614232
54963
828300
725432
730557
973442
665301
400440
773537
143757
150050
373860
199283
16781
671437
902136
917384
537423
15541
859500
476828
365091
730593
216
787888
337383
907674
61875
876768
112044
577906
595460
702447
185579
808644
61503
593606
545007
71273
99701
597802
44078
457899
525858
373880
898366
617585
460303
15943
177524
483644
287296
254133
381147
80653
219771
194555
78958
605242
268667
332336
174850
734462
702971
754187
485061
624914
328835
348073
678219
558584
91451
707844
268245
877982
3816
899414
695305
112072
268797
831329
346111
841286
92003
946030
930978
36353
629583
175523
160838
99827
87682
286968
555259
750481
397622
665099
224676
779065
315922
382452
355899
930008
881461
850821
709330
961484
971961
517225
467710
850083
276512
211819
916361
390395
907431
134481
889404
44783
961123
963691
457007
497542
919697
308635
546217
490652
666267
630836
270165
69616
936906
324720
619973
559756
3332
100010
253387
47261
706957
148842
65950
50083
718661
875775
481898
743696
29462
164637
36343
608548
145346
768344
985009
508819
813938
60547
465789
572238
492592
371675
480068
43160
603977
493480
422112
78232
158790
556926
185744
976096
546084
342637
391734
559651
256433
347239
604673
424123
507295
872706
8340
53362
724912
869558
509967
114298
741719
766716
19771
198751
381800
841634
189918
455668
785211
969141
371945
48112
624473
448528
793261
373227
369273
245507
370098
998438
549361
112224
289162
591034
459849
348316
277677
988945
374891
220659
65603
297219
66507
973648
173514
63138
942692
105540
471727
64644
50759
3996
752997
195696
710455
93792
302963
722808
871497
92175
786476
533667
158124
279573
588383
735514
917230
841777
909021
351734
224249
875298
873667
383714
952352
926172
605783
229868
302015
459008
435870
980740
15380
412223
247952
692519
590539
704764
231205
73955
515305
529744
104365
262177
556679
117402
43467
523401
942884
706024
102525
220236
189046
177961
746604
979516
696291
701495
79731
603260
648973
814216
773651
766213
491606
427856
976928
680044
85756
64539
483405
283946
412431
244057
623789
205718
258656
78548
531379
505150
729622
123055
53906
202898
186401
796408
779255
593405
638003
372940
194120
224332
493356
24852
836305
944800
178459
631120
900609
551898
135761
48071
152977
280674
718839
104914
451912
827004
696485
769025
901780
908358
506466
600043
800186
870985
101290
303659
239388
123866
764612
456883
156599
498890
266707
342134
108024
408598
884366
525362
245093
630610
827179
674624
554646
759392
783233
789251
100365
965599
663442
975199
393819
438132
831681
84835
214322
508123
908379
917255
752207
338876
343921
464665
329797
119024
977840
530706
540142
594913
169928
327962
949797
952193
623375
25024
616589
724508
657158
676196
994204
226355
682370
746976
182101
684769
731139
752433
426180
154563
584383
307772
860143
425560
350282
287001
406196
831276
57297
792203
944597
217981
876045
733889
759356
569466
934807
668446
932018
100681
799936
556804
235093
564237
399702
765213
690402
387361
949031
782127
389638
75974
13134
183444
631898
660394
89238
503950
389731
955108
936816
441150
285736
592252
332792
944737
261128
207352
330948
870717
540007
384156
819408
51101
757605
693324
392304
334055
119590
605215
239524
834605
443765
87879
186949
807798
951088
513237
893703
775953
12648
149130
872760
76863
597678
605396
68260
499061
381769
482163
39529
342526
597058
611111
70505
572757
449728
693971
429481
111240
91088
823470
282866
237699
702474
772080
38048
40091
1488
203441
152120
266052
12277
442023
839544
828224
431860
968175
846931
866008
718024
238362
662695
123060
84697
533819
304631
25412
517952
648771
137587
527008
432648
302054
513089
855853
70215
249947
726646
765702
40786
88871
546803
664456
209252
293282
698070
418787
466490
929966
698067
258808
962221
544467
663329
855533
877406
778839
5784
791168
95174
699694
532043
941064
758341
40967
862335
548608
194937
764769
428130
681220
843303
865739
724032
961141
759958
46729
401368
819406
929106
752565
642407
336990
114229
698472
450336
814375
498794
664787
299048
329318
304345
621809
594286
146327
955202
282492
442268
924202
353392
657760
841496
274763
961251
493460
942415
589603
349630
95864
83359
225687
720715
610294
82836
506138
199086
433611
115609
811587
495238
719551
394709
709896
640333
805553
732714
237169
146459
329434
393105
382416
736414
279047
917943
767931
71110
724018
925241
184947
312986
113243
440280
186961
424147
835616
557643
91927
146929
866039
415766
90513
908168
389923
996472
390111
130641
505519
946252
225823
163900
291329
930605
118711
691742
432524
651796
392692
800871
686246
160964
792008
662714
74599
387144
691661
500479
10663
664028
622789
480640
977847
910230
322675
735660
655652
217738
409037
544254
834083
651295
630632
430707
918642
479348
948546
842636
911597
480143
333932
228182
831037
555018
833043
790767
514162
139021
412801
300549
120473
30997
473395
977456
87754
65294
390755
573360
733400
591589
39595
289646
120086
456386
613718
689531
625232
471942
938663
306502
874467
113063
501943
669501
66026
958238
801302
595316
873927
987534
182988
903618
368955
37706
641813
743602
310972
375691
873799
27429
704378
432058
495069
8541
142792
261689
492685
383528
926526
777840
501473
58413
722990
256316
519120
429713
620468
329534
480730
437148
699543
761600
438861
907784
310809
96610
523489
658408
554065
795593
626621
760419
815660
75777
640865
890326
443373
914126
350224
879234
916118
83329
615547
121582
164615
871700
999152
371104
786568
497036
486519
871646
714232
463678
42968
403524
395570
436314
676258
904
692299
240579
70640
170193
355359
1031
459491
18269
205203
14893
63872
540499
475808
185080
39739
369278
974001
932471
565397
346185
41247
962475
437292
371110
443354
410850
787343
663757
103572
939380
212007
544416
18104
125027
29114
938069
104899
557862
595471
439291
662175
252940
539283
501453
518724
342855
509199
15159
718855
401724
309806
309900
603722
619306
363760
554608
176595
354529
524940
185677
319048
974490
414059
974205
260432
589033
636916
918471
21099
21211
792933
289251
640219
87649
680781
66253
500610
957187
842525
460492
994643
134741
201027
731169
769608
116015
870814
827619
720509
514833
447670
418243
160700
866068
220890
144278
21487
36541
914363
494734
152654
984982
373489
57119
169380
606601
899587
514068
138864
241504
877865
914965
517507
657639
700382
667281
650796
169115
445361
31865
961277
806680
236819
492323
853826
809267
62343
781172
623207
210279
925926
922760
66648
965161
444117
679215
121929
683779
560118
69674
509743
862096
685110
158674
752115
468408
121068
290066
426520
477618
12420
429241
846559
146248
51065
486187
820657
837270
622359
441153
707681
23225
680316
630572
572345
969553
471579
510862
769002
513643
806301
293242
532070
406834
490630
736795
452133
559694
728260
288532
319932
614608
329333
512982
382968
77532
538293
824261
687884
860213
953061
235951
37345
219439
857115
339830
104802
432875
673791
30078
790789
375374
367729
961737
884046
483983
903552
179609
592401
134168
313242
870762
557779
366102
520188
759676
220726
787443
241253
9342
125401
34404
446182
729294
701071
563112
664879
153601
43843
802277
381617
185788
722969
602700
178715
925675
824209
379497
957917
695581
753554
75943
801557
370924
585198
427024
383488
809363
884378
5686
337666
498401
49303
282035
463089
273260
515741
848018
773870
757612
972594
697768
729658
524278
688846
276336
631443
449635
452911
464119
390911
39232
283992
75337
751367
100278
249427
383183
793784
621461
712947
483846
835298
650751
913347
681967
614344
265426
250341
627532
357253
318072
90763
734726
6174
653366
301699
856973
565742
101130
828381
900244
342556
157672
290441
113814
365789
780864
782736
65978
859278
613360
759192
783234
24466
968305
125143
917389
249366
515533
202050
670344
551565
450150
218483
901882
804013
833609
990154
33620
975476
659844
749690
116554
942784
187001
618433
896014
73983
82570
246749
347341
621974
107120
958166
504306
26362
92507
366547
469901
312637
567299
210944
952142
461711
221247
471987
817256
271054
500108
173497
141336
323079
287758
950037
330281
648426
570313
803542
525737
748711
266371
753060
695185
122701
144542
225850
998606
539243
906494
369057
627964
152549
79658
182920
773940
834171
150055
724287
224516
613480
724686
837580
365506
764438
46882
56565
46078
611659
227477
99021
54333
722196
209177
714235
731108
153780
233347
375320
255471
352371
639450
75458
922451
656423
484716
69372
112906
270787
979487
857423
232061
734593
742367
952813
133053
6970
108959
541349
571470
560352
218217
55578
732432
19692
104887
398638
365883
706331
101023
562183
447368
824802
630410
174727
786751
898602
65629
80660
550086
38135
951099
58678
578899
465584
577063
456538
821603
28736
524154
472361
906656
300007
655131
66702
634298
226930
126023
651170
424995
145184
830193
93508
635758
300302
750335
267026
928272
4059
56242
915944
426149
317266
831291
331907
41458
784576
589344
889275
30781
461535
50528
958236
660192
858965
120715
751094
454455
476391
328576
990032
288543
124189
883657
529027
215655
275922
173691
653860
72062
118373
405441
772928
263595
203934
82
202588
791490
75263
539521
717223
633221
521160
746883
285997
615714
641242
867177
823317
556755
500547
480129
895541
764996
220930
921599
682683
743700
883645
476273
779006
607337
747361
942367
844722
812763
770513
868426
458857
901194
356774
694814
912736
99510
541372
445157
40753
298375
60536
225015
176733
97807
968789
509975
16768
994299
571014
64577
524563
825556
267881
839593
907170
758677
256115
61269
157527
485536
677743
487167
523433
245927
178292
169734
719491
328361
328235
918761
633765
828295
235151
739643
9196
109770
266976
398202
152342
175345
727088
310464
964055
598359
365075
982693
787314
754884
186634
364808
896046
745712
607702
830295
129693
457722
706581
764907
263586
850000
219732
510163
591611
70065
520371
854751
723133
289172
939709
205789
740340
472365
329051
953314
985129
734856
910006
859181
787785
813740
334834
722405
259864
158590
993719
439160
238655
958278
917498
417093
998717
609724
717121
879365
739620
442447
549484
396020
32891
317350
419571
580448
993207
653118
640970
647137
786914
932588
616360
413908
478357
294523
225391
880954
988851
567059
182683
163339
137251
271312
693341
570494
831717
928274
829738
643275
858157
295972
392553
99454
751109
797379
90216
65854
866471
41753
75022
225603
50649
8082
779204
762032
559448
515041
895870
541779
868335
462638
336389
576301
259098
19325
881944
889381
749240
298854
434969
477727
12706
955480
682519
653627
182306
91007
834328
840816
159111
21217
883456
374749
5106
812860
943892
715032
16973
867193
586473
959159
506638
419283
159142
773776
581544
27408
218109
851414
208161
763155
524055
967510
188781
280420
522166
668327
241681
139407
920746
22728
918846
173678
47742
469879
753754
390016
776835
742891
7645
630439
298165
492664
114917
965893
730654
46099
853413
938719
763830
345951
637939
99315
254127
369294
548437
81976
487216
314704
973795
808178
694162
824561
604237
956901
899751
927764
628454
88242
157383
544858
989507
337129
312778
769833
358949
570372
350378
808943
42918
228646
918895
292921
956358
267219
221701
874785
227323
575518
333022
151290
779368
504508
979900
69331
476562
546861
951766
939960
129626
761659
722379
375820
816754
589617
691234
270100
67572
91669
606446
102200
112801
92200
905167
82635
546376
685322
581062
694339
746400
611098
170791
141092
436570
116527
319593
850397
796159
466445
897745
805544
806887
470397
936318
388969
191391
894546
834871
99858
844236
368173
753620
175554
141721
785339
484350
830086
920878
380169
110510
283417
86195
164327
670465
650802
814164
368345
400481
322890
247201
150492
491978
673961
750987
211446
889118
599721
666873
604229
863513
873231
310118
981789
228977
158655
590150
320747
10129
993538
465158
806164
179350
257354
359404
474964
421161
491309
239850
383637
95022
573003
305762
300240
267006
264282
850045
974608
172513
249832
144801
983215
794394
153470
186153
505335
89180
193650
277770
288483
686727
769826
709836
998277
745075
259776
83999
516025
612376
472684
533178
604165
846863
50624
861605
680475
836721
169211
126435
716464
876763
463350
884773
498417
614744
592692
544834
23925
918620
216759
380781
67568
817673
284037
788941
254639
888197
493308
223040
613968
672025
646166
523871
927634
144572
39315
484776
926220
394319
78924
477835
57430
526771
276655
142627
631456
360951
607885
122468
997083
286542
741713
130144
913704
149957
543748
125847
85742
639702
745787
337907
137006
73324
650522
147320
429830
601335
659401
440515
192807
770439
396269
107117
329874
882889
58924
401530
817904
348119
690946
752424
483191
289951
237352
26324
915214
447577
739480
839017
559602
285550
525624
46905
641562
672018
986658
714551
614948
188885
177354
502443
879095
366256
111102
147482
170273
404104
902164
507124
193460
8223
335213
806520
786382
41903
167715
852928
528380
270640
573469
899093
671023
392206
631905
534452
177167
293533
88423
769771
124673
606755
802491
159135
257594
944688
672851
70035
540926
105170
735608
12676
42575
96569
168000
95532
878284
596125
282061
348179
473257
532968
687653
171663
976744
215731
173581
84718
297245
708420
59111
16150
788486
8762
883701
618005
470008
473830
224769
775463
700408
424327
25251
424201
917006
698425
369484
269212
784878
355609
214216
703598
766520
309958
422906
285123
565538
426053
808893
740940
361866
278602
229726
940271
734855
825120
970777
143005
552362
886525
367474
889361
392617
916597
154918
396370
500793
333229
330974
210751
740253
370552
73136
271336
634729
885019
595463
77007
51242
270525
406855
159465
547776
395326
571680
93105
322570
607872
809790
717929
205575
710127
107783
697491
664757
859095
745920
482786
804366
131351
327684
655623
167168
768707
102979
141946
286800
952374
490677
313845
411487
915299
165219
810293
44804
705629
949991
293433
299977
143068
342410
329937
954062
659587
217282
837014
176261
361404
173902
176049
155126
135067
729101
209401
250157
507484
356540
709562
606432
745157
876838
519653
30838
879493
909507
352380
395846
108344
599743
639244
458440
537542
344325
411668
627282
120522
791796
626518
579063
848093
632598
66187
681021
915519
109192
97012
336444
723125
497606
950796
320583
910965
860174
775352
658528
38216
282572
74192
692162
335637
339034
920508
657261
772396
753697
421335
732206
962053
786958
611192
318003
845565
880067
575529
242628
466356
166237
162884
539582
615903
893190
563693
793552
325405
12874
871777
205179
953348
243064
675151
787023
920466
741588
457836
271244
541743
284780
810709
233067
601069
881289
204017
753308
137023
231330
444800
643281
486492
860817
340105
39236
226732
526910
106283
283214
542772
731777
413921
370434
869773
370824
239144
411333
546746
704899
753139
175
797965
735020
407112
390765
628594
766149
827031
790812
832800
88530
423583
651638
479465
949554
90447
319369
295935
570250
920650
113476
553379
95360
58153
800893
177801
426802
41642
225934
871956
236264
324404
994123
892972
640084
175947
542384
533459
389774
751091
386445
800157
51712
822317
540153
493166
940805
288292
227723
866598
297261
539294
251282
884032
862628
958810
386012
547039
149685
575304
896914
837543
232292
987418
712706
430977
724407
529078
234709
239914
296294
759534
559102
783367
818334
849235
772892
499678
671906
703793
428432
634602
447334
90472
745103
668644
461194
921988
519903
263704
280841
874383
746273
541119
771744
634640
955450
211061
994257
335388
997907
23475
210481
13521
346444
388676
961607
919461
253608
461568
760378
131089
66593
451343
250196
117407
556032
808880
884452
378574
377253
508820
97837
327583
804215
693466
445804
786198
571806
572284
465560
413647
908856
677796
988806
467885
667806
491803
331821
765914
57676
861413
199934
950205
164370
32229
193580
239923
771116
837395
347852
815682
755092
227255
948434
742898
255435
501650
792809
778465
706600
257235
210845
777103
824358
181127
809956
219244
866410
251532
352870
812652
354000
604906
830526
424021
703466
232040
228713
536617
161505
688687
879460
41630
222043
198642
28319
120983
394953
181942
484413
341434
223931
187019
774157
954519
265064
441190
189004
739104
804974
762815
24861
990017
278235
755829
498464
274692
531607
90991
118459
364173
156324
396156
624810
212616
74709
701848
96086
271174
29834
481830
841694
465509
295895
329198
498442
369584
398922
845570
464261
953475
456694
310858
947114
375093
470491
673078
522501
505015
107788
610666
617750
543590
675539
698548
341690
903866
635142
830868
498234
443971
433975
96029
722798
922297
134731
290527
166640
889742
426280
307363
665096
495616
736224
537369
554594
429104
661974
182714
558501
775065
593948
936333
597747
882126
151517
933521
791931
650873
714694
68104
14369
35444
127334
853595
357837
185772
67732
821797
693684
965505
275756
655937
101173
523691
611457
61900
291717
296899
279498
717184
805821
73684
398479
23326
684291
613629
882904
45387
942406
588682
607375
325074
781128
357231
560941
408588
3773
487793
912053
801773
953335
396574
384285
266343
630113
17061
923525
683503
599740
886573
587284
326074
607342
194782
883445
428152
943497
719298
809815
503675
259935
546887
856916
507631
779471
719633
145023
934817
339175
60323
496562
522067
178602
803012
110210
386294
756859
242758
475019
955581
64983
979206
920243
493418
294988
800643
8715
698134
146743
909439
783611
162688
287858
84086
539292
257923
233918
94716
227273
696570
701068
198483
596294
276056
652032
944142
737781
134497
87009
786792
931599
26212
546242
645548
970127
884219
555073
804891
785898
473468
549257
394706
451049
997876
329772
257036
784790
446274
862941
578747
595295
771030
916419
134858
163355
27388
44034
932317
988297
441650
167192
594595
684200
426438
464723
900231
79940
918440
311570
471754
406292
316032
764039
449487
610665
226734
877080
185799
3120
680625
486790
165348
338947
10306
562135
82256
334861
137373
297917
574030
492183
487803
662927
949536
158145
854103
853913
461945
80368
35000
440670
100068
538749
456664
511092
814718
628588
229130
345133
492701
142990
68579
344989
527480
853597
264953
983247
829761
420567
304817
164883
131854
530823
505360
682021
814384
285198
658088
954596
697594
984696
373859
895543
989067
435426
543496
146068
713115
861230
191719
42832
50948
612741
770237
769884
672004
844387
366721
977510
280548
74374
424791
499090
570702
198347
911699
311441
430387
765641
720375
631376
15416
569119
867705
693169
199620
905217
111005
958629
844805
462287
265672
93534
114397
989170
231859
791741
284508
307643
21518
226483
752759
370173
805041
213726
330600
984684
728387
578662
708244
873701
565973
854476
205440
549916
975259
693807
125482
472507
717889
988795
611061
240690
592894
791281
138759
334175
313533
400934
411744
160331
866028
177872
248196
860317
766032
586358
930837
172988
776718
938232
985093
29636
452874
617527
750352
664914
761581
758247
953638
672001
331656
73192
32427
921664
219743
324685
520162
356353
761580
263419
358272
732736
407609
183405
652951
276360
893675
238631
281604
698989
693506
723919
597196
466006
780730
200918
970443
603924
941578
22269
358340
250388
73233
414206
517205
647857
904860
311487
705960
583199
899425
693394
902255
455071
142680
800967
710704
890056
911262
473786
428089
585402
683491
591683
979500
283396
211341
665807
491624
539312
658518
924369
985362
963422
705475
413436
827024
253882
12736
746399
537804
629614
139962
645605
333416
588085
466579
266743
302490
905150
824569
211815
777190
541008
539994
279889
521148
424653
640367
508227
790125
978747
81818
622839
355661
603745
388432
933146
326827
674383
268472
429135
110847
27372
632548
738748
933960
728551
141182
313181
867946
318832
319334
126037
890095
66057
193672
928158
535643
14486
994902
105493
686784
133733
303934
8182
827465
198359
516069
177240
251328
271618
634193
8310
898016
878735
458850
744790
791090
324978
824263
24864
202912
689590
285346
30764
397117
43705
581759
747298
569165
903435
274618
930178
412811
269289
381872
974719
908665
634098
182080
671203
674075
954084
549682
791747
679905
826360
508887
89120
890119
823224
607082
940324
875982
322360
609650
140199
993024
408191
938884
654215
478299
673075
23538
617796
907132
589943
939731
624901
196286
530156
571312
625841
156222
749368
943930
996059
424592
876084
980503
979182
993282
516075
67265
943960
469959
342257
482631
391078
781212
869780
86972
640582
322443
68467
642491
168677
724892
842355
697756
465389
872949
238784
552859
387149
699749
485942
479010
189779
430723
231225
570784
509306
586723
525801
754508
244263
256378
169515
687396
521920
846547
209902
404306
578600
595656
695472
574174
455139
775716
175499
709356
322794
983422
871699
449329
750835
233272
775456
376273
545729
63556
925513
532727
235238
478504
70412
428604
531062
631083
313458
232516
54133
127357
423708
915239
774050
907605
329723
223057
860639
568632
542777
519497
434123
829092
670791
126357
469857
67574
490082
581976
918847
84982
372754
121556
996292
571894
956792
200708
636517
743809
942848
375795
434488
815076
179482
48681
642558
11004
216806
157179
951363
177001
505120
223805
386684
286539
574340
792361
112505
126409
16281
405713
84830
693773
793249
335085
594327
778153
226230
995094
357701
281644
597497
575290
849815
426441
557791
208282
257916
512222
300155
873357
164708
522691
634114
119748
906154
339231
639294
14893
861900
150399
755134
99728
96890
929441
803185
301571
418045
836433
106649
78907
70190
661834
882995
212590
197771
181680
437606
647206
134936
110980
301440
736309
719906
626636
698132
896997
13186
872915
70971
873755
182643
341906
433750
256369
443603
631531
554492
49920
837240
283884
827789
268517
795541
178133
178585
966966
749572
100186
573943
451153
829003
266752
526315
398171
454084
757047
795899
301837
153735
457748
513388
698711
833213
792278
694400
678944
398351
597427
435832
28358
730752
37125
188849
385059
811299
711828
253775
355435
796827
733066
239153
783597
450716
925131
868852
997032
854541
633565
87083
617598
424051
553950
192640
568770
827297
912000
137865
420528
22950
540770
526608
566149
739543
514478
562735
328868
804022
737266
420763
620388
712059
490523
413107
795613
668776
601150
644576
320498
906826
79528
919538
892322
29613
85682
731875
620397
502482
761552
10753
728080
196776
734394
158876
27354
663394
58908
850651
194742
733660
932974
983338
535138
351483
521448
156962
939166
423398
75413
871956
623965
77569
116623
609812
780117
953653
474907
422060
682682
537552
957300
899628
122511
282563
981677
83781
967258
323499
524398
923741
112606
583586
859075
41974
603736
936998
699593
361004
633824
111573
749715
451765
819753
410269
135704
194625
725406
500619
982587
255755
829741
145973
445122
568648
22682
304419
243758
44089
526142
576386
769514
763871
510055
889200
624131
354990
84718
998071
680433
613219
740887
687452
158741
221123
153627
364284
11407
419375
417042
203397
676167
607628
798150
919449
829905
379711
203943
264851
955063
110627
258182
856750
64605
412073
839715
577604
617154
290546
271644
965118
691866
476348
605174
517440
253738
388238
108481
26871
946384
279658
608368
172961
72151
714108
538307
24154
193217
697656
403778
81775
445435
23313
113456
430928
595555
829724
195300
779036
727856
55175
755022
846294
137813
910328
152168
347086
534380
555359
413417
330412
344392
633931
382837
856363
554247
66253
996924
712840
270375
303749
467352
234039
663060
756504
372962
85405
238221
230521
668504
554071
25995
751251
388592
612009
237657
145645
500950
101165
324567
794767
64411
935521
604848
96168
342352
748646
642655
774623
351939
554701
30861
888203
527372
281096
134774
334324
194246
297138
37165
853212
751807
839957
183347
651524
406221
333301
114092
849478
766876
34878
319524
73209
596269
331245
497481
564106
698744
669864
640189
375753
776465
343208
331931
892718
779376
653572
964988
653630
331275
113399
869761
459358
180333
631968
146833
767792
301888
911177
278174
881232
862590
791279
167769
481821
334875
491162
947742
757932
218453
507703
455535
848223
316697
483829
663479
204030
444983
840839
441759
761012
603709
693355
696387
915156
195396
817084
572161
453743
367776
150509
113381
791972
161386
118956
864838
772977
75491
952958
153545
550286
276045
562142
33433
93090
755751
750778
249863
919989
463263
410577
835776
662874
629175
964454
664328
222340
225133
690641
600390
395342
128034
133895
146013
142161
967699
437173
287642
826069
367926
81090
694204
931107
149590
610228
402545
978335
723472
333836
385379
629636
190115
317855
722546
752172
991864
465466
67638
167951
643565
407410
269441
442832
216340
585445
170091
366382
352329
364511
144163
873739
265573
630483
207638
502572
720584
948301
672419
978903
718267
566903
366541
758450
590196
527345
479001
285761
83411
351737
664025
371340
398202
407234
293117
728845
682496
945449
798356
993180
431226
161733
16012
871363
592028
976571
765690
167586
300386
701984
778749
585532
324106
808084
751595
11787
306487
299077
987652
286909
333391
214722
938810
663200
305054
991228
171248
642053
476080
901126
470920
856508
534117
625498
407052
120379
349432
733899
416424
598194
600196
236964
334214
775328
428404
183008
193870
642519
210406
8573
214033
979622
558937
191431
771019
482349
662233
400588
400215
611640
631353
112746
963409
918400
968528
639832
41712
285998
499974
440811
688250
20134
394156
564374
187577
345893
22840
403443
203320
583947
684273
696738
303258
475123
718550
763034
254968
895058
271405
935641
640654
307711
393379
689347
552039
420183
204442
361282
586087
544849
41646
503252
36360
371853
201001
948249
397463
675594
59509
215894
386026
985632
818331
285366
90310
267884
866496
161966
237495
822992
629541
147482
447684
451202
62836
44513
477172
354530
860664
743487
402902
573938
14956
784286
395019
77012
34302
910430
822960
730660
520373
896454
236639
472772
971823
522234
366210
348604
407376
266835
49919
725779
285289
52137
765328
919220
336016
48040
864731
261132
853717
785507
945553
58971
216612
579137
198281
858334
689335
335087
365865
279434
867450
638355
415442
66537
218169
170470
213078
853630
318533
814495
326151
752115
10917
572134
879870
596611
269378
401612
286956
576268
192491
678914
817655
359476
474551
907737
889762
529453
96471
833590
230522
293093
808503
868627
496615
359380
211069
402118
763355
331074
146487
814518
440522
894648
827799
531418
277129
167249
138086
78040
71694
286356
692608
429142
388338
427126
257737
635700
743764
234673
964643
744307
310759
755004
294838
308793
514960
194265
452763
59117
446188
178874
861509
471474
353608
623912
910569
342801
47589
919549
943758
714972
3521
36016
374757
106967
22222
908252
676683
901760
872835
896720
456312
897346
868683
361149
52168
482213
781336
611460
680962
890654
826484
922782
634800
462371
862594
322181
420712
123219
450064
631007
791214
534277
143835
624534
149894
232580
969093
559955
150669
499013
850232
331209
298066
66645
429128
470951
548385
684095
534322
892350
961698
981881
173884
940681
538169
169066
5533
417135
608952
518932
69254
278871
802008
60420
874203
408773
982683
298964
601081
378679
294506
302909
640163
317614
541099
96754
14475
204941
378718
609815
601765
622363
133778
890224
831896
134048
880944
538914
240246
809579
985023
50917
711616
164288
535473
779548
357938
68133
341501
982489
627913
171811
389494
918724
810746
275624
557960
599227
598683
92640
712574
567259
743919
873834
372134
111912
954654
655343
136527
481620
260101
121247
34169
84898
398467
782110
644812
123297
43729
978125
151740
214344
488200
700155
963605
201444
561781
292426
797074
470471
992309
586619
292640
811374
51164
564223
955782
415131
403274
675684
43476
703701
694385
33088
267447
897752
214071
551120
292564
535938
391627
11335
978828
201550
397922
677429
650949
429852
313541
478740
941688
61017
278510
770240
936885
857858
6327
594252
201029
759018
321141
565286
696378
863746
155045
820188
729087
139676
750818
475075
835490
658980
18198
296219
742910
601589
283470
455062
915623
225269
403197
273648
798012
484744
760840
75438
781402
427119
41180
534605
971632
435604
881174
813082
902063
162881
860688
223930
304907
634609
984716
348884
468501
527460
376490
5823
493773
191461
100793
534606
914801
385477
637002
361987
75848
442475
483552
650812
360618
362316
579892
472403
983070
22862
509377
975607
408867
983816
671946
588862
916971
584824
230107
182672
764839
799103
474688
669803
791356
971220
286467
578627
786314
108132
958780
44328
70894
96084
358624
907743
128189
681189
147971
198776
96057
110400
11847
945790
21042
253960
490050
198078
831216
914695
902202
847167
85339
130536
657309
101180
731141
980482
241328
421236
257164
55279
658680
68647
649458
581824
246301
381806
219158
258956
65911
24017
57108
156785
68055
2015
926032
945074
233270
964385
855460
399860
150776
72835
772960
44427
234997
314265
653639
777829
225376
323247
844006
255479
492349
8430
969518
632929
563193
468920
996522
107711
316879
478705
191891
835073
373978
973513
953088
339151
82644
990867
340688
102197
865597
557575
270752
362405
473965
872832
947493
551151
974568
369548
793201
40205
800681
881595
669757
874028
39843
17007
783241
309832
316880
755248
45247
288022
67221
214890
75461
647548
839432
520328
49164
104014
230631
503637
359677
204886
90108
344
109444
502551
938394
889076
573786
941983
438499
134666
385476
729384
693262
948648
699966
303149
699089
595574
665444
171639
322428
17736
523570
748618
908534
526123
682917
602454
65592
479368
423141
53483
401622
10502
128393
202879
485986
803887
804608
707737
879599
653478
960235
901090
907986
722425
463577
975884
161213
249288
352556
218702
388824
82295
147938
956032
80595
285087
15714
477671
80702
36376
466493
262098
10895
938523
340866
526258
611282
521749
597141
503541
406965
807390
463825
651162
704561
348145
608349
226019
434523
497408
134598
107645
741853
918065
838219
93342
536053
853698
757024
475305
390884
979823
496727
641169
231096
767364
720628
988106
384716
124150
188920
470107
198490
269068
584167
977672
341420
826527
494839
982586
186240
209345
243354
402382
103766
451777
648980
864885
608383
127571
377272
634858
131318
616407
804366
386437
49660
140337
68250
817574
396695
633647
665476
997113
486909
673309
315819
589146
892949
192469
770629
617398
631597
387924
620155
575591
697808
175990
589031
965251
431627
299557
668434
951093
925004
983474
440249
246572
751590
750286
286453
897378
722584
928317
648132
927435
470032
73537
552138
365890
221546
344794
579186
203995
311127
513541
875632
719302
822253
135142
950759
129658
740179
851980
374569
103129
775008
572173
545565
416504
715572
898001
666622
43753
323063
33549
355125
30064
719636
516303
301626
444189
144175
933331
181364
955643
894800
18900
987237
250782
792675
51763
584316
536627
998512
444458
840288
267121
436588
511374
977336
75696
120534
909217
305493
21477
130838
673105
879787
721725
616538
294405
807639
20674
182576
300100
559030
470263
317122
901348
120178
831055
868699
426686
400260
128813
548126
352170
828935
664466
226157
647497
656273
299848
664983
442245
187005
677100
885684
489328
135098
217405
594894
139025
786380
471438
515963
953139
23471
560709
281306
734351
697229
524189
735466
554230
328234
643557
53619
2638
553444
793775
956500
882855
265109
808450
161625
585726
368683
665670
782321
558854
763533
668120
541605
260448
742958
353714
594907
874644
30327
606574
719670
141439
765193
1043
580598
166730
943276
554909
591108
759149
927573
717355
563155
255301
436829
972387
635171
551507
682628
36761
840473
134695
938743
9230
761125
10439
26373
861077
785233
497110
542481
542689
973602
814498
463819
763605
596324
933423
473658
918338
35713
131141
200348
500304
768153
943590
50243
661981
871916
609691
255898
999561
186643
309249
664411
180473
440562
816688
332847
922949
664207
995091
594674
279129
202487
623896
606555
75886
541261
737805
279329
413666
820312
665192
175277
189752
86182
382223
812908
896793
256961
23966
542252
759321
377233
307759
376572
642278
60743
532068
589331
192747
400255
656351
915189
543739
121703
389173
312780
239797
149568
385546
40131
972751
366306
221843
91654
675535
549555
538104
694720
327111
598707
837885
413452
986753
715369
241313
953979
21629
231520
196083
27538
600899
49281
113889
770145
230736
337749
29171
744200
769872
389682
643424
855245
520066
329148
118875
59939
90860
427089
638723
956440
461804
714408
54524
998741
133424
291716
827438
384429
751587
763561
992043
378031
451695
562910
635507
753333
694970
585639
41871
159086
101333
803998
432350
224845
121704
688732
54125
62505
664922
661155
199832
284670
591508
137704
552665
536885
443306
481433
916346
11398
156085
710326
479374
137364
707232
875316
411136
655648
750340
472074
264054
744146
149015
495993
56857
504389
79311
910680
345564
10399
495152
883042
158232
486549
226925
440813
646595
207230
558603
388105
863266
672536
125922
464747
183156
690733
83380
257873
248382
560256
92976
998749
435698
398950
174837
847039
392469
382275
245109
292826
879268
692232
304204
272243
323378
406933
44929
429442
423912
592753
442960
983562
408495
743467
743580
611668
851178
443837
869025
148955
897609
510888
450830
731910
523514
552633
469386
393423
306920
857302
466082
770521
623300
537098
296493
699601
490481
983975
474491
259398
114189
486974
498112
202109
358085
244962
977723
847982
623885
711678
152866
92775
841506
269017
81791
45301
844393
866675
664119
366590
28560
828052
937770
124100
964840
519165
84142
477671
793651
720374
430462
203595
613855
232509
986607
374966
237719
305838
304536
495098
574836
516399
652371
779904
312113
325459
915173
540225
713754
497612
236524
967837
55053
468475
591449
414170
344819
395750
983355
394732
440706
729215
741720
902444
386800
248270
247949
409646
264065
147091
953385
753684
943718
159026
268001
527076
953405
525965
161736
213354
408202
399463
10408
810259
222657
272102
892211
504555
558679
835360
173506
281979
528309
951753
170222
582540
355825
990905
533638
597609
231153
549307
45009
526402
450140
87563
461141
523556
432599
224451
638176
388578
862329
743214
552434
432834
770241
945147
492919
840823
56767
705455
625391
996300
720317
126404
970701
576216
265391
293822
713681
685771
135968
412881
334098
340098
211670
298373
330844
662693
308476
319360
423929
442225
741077
554259
619418
818201
265298
298820
695881
569608
31935
224840
766775
986045
357829
960168
508092
625255
904315
928032
213134
861650
15878
565190
292016
30534
564014
265136
363566
294727
785923
54312
396183
117100
703628
617438
857649
558343
229270
147900
999507
138799
684127
942055
466772
15513
410879
23171
795119
514926
448643
495570
113767
953498
372175
389804
477927
744153
814570
819638
860200
835953
932972
932173
769181
573744
733907
312713
597857
126939
271844
375813
955165
652577
768885
674700
409894
498459
807477
166687
906793
913829
724271
797931
285554
447905
872997
702484
379139
765040
629457
996515
837362
769664
192019
400343
316258
136421
870305
305414
70515
178192
353807
277336
562094
815344
60746
132385
383852
174542
558895
309453
214525
394031
143626
736990
40395
799380
90444
148143
112283
392817
846707
874820
222219
763823
108323
804339
619865
795536
554115
372961
931326
235134
919130
609629
985228
845502
700028
392597
570746
421560
464717
280053
373525
367241
600571
914669
507248
724887
9675
634483
483686
8225
388254
764596
974050
568587
771133
43764
347213
202898
537017
154026
877741
818224
521249
828653
889276
630003
102610
375571
340869
872164
959618
951143
766367
817395
384507
653837
956143
151989
566256
228003
429117
999718
977115
877095
120080
332795
595597
395437
101791
281947
878901
936628
992072
179909
190490
36142
909085
910571
379254
810260
200269
446237
455397
484598
855967
194197
34255
102252
560325
242122
347922
974653
984070
221848
935111
925913
450790
563087
154211
256333
774027
552012
674368
453063
558320
40817
8046
601444
282415
487361
818489
745360
745839
797436
773072
365362
363033
373702
537261
657310
510669
785506
378309
126676
561908
703816
307149
323686
100077
149602
384402
909492
825711
593476
530704
614564
914160
575588
640226
741440
610043
538815
165037
265804
141608
650961
482019
694571
328234
362129
635606
180650
296384
413111
976225
312903
984347
532859
203652
385059
536833
343608
114584
449722
350032
777495
83788
53147
845159
921854
764232
534794
779624
408484
224648
165631
108766
878732
74373
132019
245235
656946
967655
933729
729178
813303
145013
940160
692698
568954
723083
419985
762829
731451
631773
804493
926256
75926
666374
497956
458771
59390
821495
286734
938034
807298
676669
78760
209819
476050
862837
605413
770903
5914
696960
649231
888620
92810
398196
241554
733116
620657
679104
342938
672061
681923
219547
69162
267864
257036
502878
945814
411851
256126
28373
931452
667810
688771
568181
378025
812153
913807
597768
634156
653850
527283
398783
783638
412827
36142
144289
317884
41061
781467
875967
175375
899548
929300
546620
580029
690562
857911
952738
786950
340781
258739
649944
525989
896341
637663
127315
78039
356533
529878
877555
566519
853851
417473
790345
167016
262201
264367
985073
429231
265684
466809
583824
361199
345662
196168
628678
2420
62888
299810
493656
348579
155916
936907
27017
895471
293504
394359
749518
553962
838733
54366
254971
735383
914068
74241
988882
325773
814584
137534
325447
532325
559222
367490
281634
642696
590732
688941
148820
865999
227339
462535
643593
607772
17449
903783
937374
490380
280690
550185
347990
709721
416548
363728
11935
681736
146506
524784
558373
876623
581723
833031
623335
976221
731443
889632
594086
249610
828007
580567
901260
765216
173454
280331
758857
348070
843335
993230
511744
55381
372905
84309
772000
638639
210553
354454
961771
266544
95615
819422
239701
559502
82321
899260
263587
883546
683892
378113
699832
757635
149795
436632
224743
985354
508764
398347
437118
67534
637824
124397
979435
38602
166127
824207
178472
654804
351280
97828
140081
432983
960923
512194
969755
353444
868334
603626
113330
132044
890574
7335
188571
924677
765200
872898
302330
174661
338615
709998
429844
529587
617588
299410
483253
235624
415867
933698
858622
699795
203605
756409
878096
118571
619686
858088
545393
10555
283368
675228
379589
144172
288429
884172
15486
613437
883729
464985
762068
674197
524182
322586
964121
984991
782413
261165
693713
726149
656727
168956
18569
927104
964293
623539
755613
507789
349836
160115
614205
897188
465142
5540
474924
979894
594983
817046
194383
589863
667937
417889
897491
844593
670173
420209
504268
652503
996636
787480
165372
17164
682021
809504
198407
507309
244276
650850
927081
31763
182390
862965
917145
803765
547577
391404
622527
213026
97314
585461
543709
942602
191555
546375
59088
91694
458450
286060
904544
567141
661729
125594
763772
226434
372475
952685
554732
443762
608148
389274
574167
190721
840772
235356
308897
876404
422130
230939
453212
315328
69020
772393
350226
876403
500432
823634
716724
504894
23843
667334
905560
738062
750775
807592
931518
844190
173298
702616
805572
276199
773291
96553
572794
281364
706013
802684
515744
445997
911771
638433
206306
952930
585502
67987
244988
692349
352111
146349
69012
443172
415695
140047
670901
992936
293662
217551
829395
767962
179627
216460
298015
960056
801558
919912
679499
928122
874381
991017
196781
157262
273095
666802
165952
559791
416673
254843
578712
213092
527664
312214
720162
89200
132096
385039
410268
831981
259300
704742
906813
675840
13745
694274
29678
952994
986633
329688
118455
257050
613678
244938
266290
133195
518369
127932
911892
30573
664405
707919
11641
510908
390652
559465
333629
444324
394039
355300
528947
690437
725797
299282
169599
930031
472948
691248
128562
131247
409206
454025
855938
795727
289298
369191
132783
139430
494220
178040
956706
668827
170389
911658
794324
735345
749580
103727
886053
428569
793533
496516
864972
539571
822089
17831
483425
891039
837255
543000
5004
171343
858390
690842
277132
63821
830274
794540
594034
502421
32567
621028
965527
928723
747881
443736
450019
916633
134751
688489
584635
257394
217279
249388
703322
8062
295065
509534
126600
224432
119944
79243
677814
300334
160400
262093
917223
312274
645585
362546
151951
465573
141854
602766
269773
143792
672609
525508
677389
753767
163041
92951
951663
201556
945780
703561
432808
635146
728991
334826
122894
542853
805701
987325
35359
585786
34466
601539
53412
369336
24760
308747
744314
901939
827493
68348
773438
798870
376417
252673
732801
608399
594625
691774
550929
872760
477710
509314
314342
415823
422786
835048
477671
8011
611724
94173
291026
876397
268185
688292
139332
741568
149079
741035
651583
71616
683737
386857
256541
384474
602700
819161
102902
955046
290040
500143
886891
480005
99886
596612
611150
131428
270870
269228
667095
450953
308017
123782
666854
946451
450553
939703
356325
260777
341423
886364
953790
73272
22555
245704
385620
82858
856404
509731
832482
929859
952070
737986
933664
124337
681286
218066
190608
304317
872515
749141
808152
765469
376475
792414
765482
286783
722715
428564
206117
719455
754115
923548
372474
346808
964549
271258
274675
688756
305622
970199
520963
542391
918003
79944
108147
683916
466356
731753
312581
503821
502696
76689
880963
930786
928015
57843
371754
379502
46090
925551
289154
144193
985164
587288
485694
560747
150082
411913
505316
696144
228271
306750
957366
777897
853728
556016
729132
288992
844406
378388
689235
231921
116598
205315
354514
702280
762699
834784
159980
25621
512511
780394
37718
624228
352474
841870
321801
524276
634526
819454
50742
180341
284568
408527
79810
808638
786205
388915
138050
94487
536300
932503
612458
966989
553912
817775
514768
817185
982708
150225
750076
373107
562367
624407
912358
901280
513790
883421
865784
591076
127540
916330
784548
618455
881041
623861
46642
505544
374971
288393
459046
351394
914551
710647
75426
332265
449500
426940
662787
588407
614846
628271
96273
320109
244283
646911
446786
203490
763177
969713
630578
673357
518181
853839
895936
291051
913566
151569
395348
778699
656545
486779
340434
686902
689068
558558
750123
850131
545066
311532
257211
232410
481261
223677
273425
471475
134401
562439
514391
754885
819720
490097
27773
826290
631556
210827
314315
255340
195080
492919
172112
157163
263814
706706
467108
804675
867403
188291
583106
696240
606447
634378
938571
994812
264819
352082
483915
917918
841921
966946
135003
831707
692270
571184
784708
151604
298171
5366
888454
714868
607834
696660
620556
981702
151673
766716
839101
892040
103806
854562
448712
396871
260422
765793
641576
362700
329385
579238
502745
654592
662526
378805
548860
996271
561197
535551
9538
920581
709125
933715
996390
487561
588417
846077
109838
308690
427014
842569
452948
69341
877587
913640
949033
941358
268703
724885
156805
117888
857526
893240
418028
842373
849911
966
263068
748409
646629
362832
440623
42757
526863
38768
36265
941104
852470
607425
575359
991524
414165
266299
808255
367391
66239
155979
206994
180135
429052
528127
449219
300299
25482
637003
773079
750810
706297
958216
347980
922788
728902
613807
829590
773644
556451
346712
136403
401022
245996
821292
531567
72341
527464
653954
211769
197378
841546
32031
689532
618798
340293
353674
903303
557321
752652
679840
211932
237603
604685
547477
523878
509637
935513
775758
191440
554123
340674
208510
897652
579434
660204
640842
165508
965910
968819
485072
347520
955366
72158
834919
975395
177472
898806
373691
770151
293762
166630
652719
508405
949522
159350
362346
525878
94926
169979
668202
491927
136885
990909
947768
744868
949008
214717
309052
302919
30940
22358
257623
701311
341746
673589
167720
132111
571211
72029
54440
101544
351592
510888
229641
963342
837694
527791
554388
785453
224442
746440
202643
193492
870653
527850
395285
221359
177818
220492
683804
63670
415357
715698
91558
326917
223368
465511
316754
713502
893455
841599
824599
483521
186869
921244
443638
821707
261369
894038
164211
558721
530588
506090
685017
64044
297788
615531
407864
277224
77966
51329
565429
425851
698740
573104
299059
757401
851116
265090
471989
603029
572710
198776
262882
109434
876683
887134
206454
689333
8206
968646
3800
797797
659978
398205
821483
172743
2008
1569
595056
885710
517900
841575
857232
262428
608504
64651
514051
392945
911400
838236
931460
655124
439274
667514
771358
823734
134016
698562
918505
814367
907010
351387
666971
905800
673758
966760
275524
701930
108987
542207
874150
917072
969177
294775
688664
834312
978747
484937
591466
966092
20330
555876
258831
732824
416802
730326
901064
733815
951270
989485
429486
817561
563934
258032
729534
208051
267876
401101
64912
38409
245037
315357
591274
134197
201362
187082
499347
758012
946992
875668
786899
996344
476339
789809
58512
199582
60959
148541
634198
789339
924489
973274
817430
194804
813712
421606
130412
187308
173331
853709
239348
50361
600229
593305
399315
882077
417197
15547
268549
494410
257071
106435
603117
364501
894628
622151
761859
921310
389170
929826
543060
612624
364935
689986
656612
27357
841569
212083
999970
845392
275467
979939
85409
296259
575615
40861
642599
162495
506652
404044
193487
451597
869170
87520
846594
51022
405999
477877
469297
870674
857441
572754
785443
27199
238369
503623
722445
845689
520706
999586
60521
308680
678240
871267
53611
571805
479000
229894
451760
393584
172906
159012
206972
292040
826689
130894
48942
298352
166943
174219
634561
453520
421781
416186
920358
155662
676043
762337
98140
776153
357476
19756
926002
350732
702814
958398
536926
179450
339795
715651
258888
263214
130964
127371
107402
744142
632306
742087
830352
345846
116362
437612
735622
716087
687525
133519
804403
440825
577328
539600
401439
482737
860024
552718
418584
133768
993787
781777
694570
892216
747
69364
725772
105022
435982
634830
185362
603729
818998
559238
117361
677854
300980
314609
11436
16623
365293
816204
678802
225177
739577
161957
831268
288335
735759
218596
832004
368693
55352
21011
914282
867365
761694
980278
516149
493728
764816
988525
21324
54211
165332
409148
216661
516048
438656
476874
187684
895752
230657
685228
200762
898774
809840
856462
873559
623009
999569
771325
412652
20819
2522
733204
899362
295893
845612
894197
811213
458396
730728
490513
949297
559505
200397
53231
340335
143017
886788
586156
845071
558838
959064
251631
46024
709405
359112
601876
688336
303131
182573
756478
188718
760139
244954
870688
673014
549090
873961
796392
17579
491323
582811
637512
239286
634290
291383
974928
766995
421945
627796
451316
582062
280107
181390
876326
663441
51081
390131
682531
434151
988673
768683
389560
275402
899518
387270
150246
866154
275350
881913
972759
693096
505523
362036
812935
74032
163065
906164
403182
232469
385639
880446
414810
593958
582534
39079
710415
238257
786075
527370
906452
798119
492582
540115
677362
554993
916427
177210
771182
295652
749356
373037
434793
956413
658855
642680
715756
293902
351969
159184
353769
469843
370881
158147
864386
239325
917989
556839
609564
593122
166808
164963
768752
266280
492448
432968
14346
500331
230506
927889
583874
729161
42656
329562
768182
234304
555101
855554
700192
190391
7582
262119
932907
571679
239048
898005
698500
447676
439594
568348
555048
456784
861917
605098
719221
963459
13663
986789
484144
42790
11595
833179
293625
873716
214299
951946
738338
10853
886188
737229
29552
56464
950243
586829
535709
534912
358066
601652
526353
411553
220552
838652
48471
971496
821237
418569
681524
427735
262071
602630
225382
768508
743106
905560
730107
66485
234321
890284
786450
812157
999107
442599
763283
688230
787949
413611
411059
643905
115590
43704
867307
297641
801003
768600
474251
860771
276387
882962
490393
922918
595758
629443
850455
605358
13320
389220
857411
223804
370186
81408
409052
48109
330501
487291
978716
263684
266709
665370
646118
19734
650446
98598
602562
533188
363576
857899
990058
420118
96573
887920
524460
646238
188188
840358
161212
933475
70949
807346
633743
389388
558017
736393
151879
791905
869689
401534
171520
26410
442793
681921
4167
669690
707601
979617
689156
967153
577345
536486
281435
707755
814781
825254
440398
909530
55089
748488
57399
433317
464457
644671
609113
843421
681262
137514
350865
133953
779198
834328
290609
85742
480330
843437
704472
670933
464782
560104
406596
669914
462839
481285
106256
716464
309398
459872
312867
124374
340500
824965
44286
206140
449029
607970
351738
475257
395431
901039
447049
924349
154096
882091
407356
502170
67032
144450
48184
791008
331953
800036
379843
207600
340804
787803
547920
527856
820256
431581
435728
19138
244849
349973
415476
783682
929678
625243
630548
100441
756628
703059
811701
123303
444503
126577
342810
41957
497589
957129
139187
500569
699575
88550
431220
859998
873587
2630
444852
68747
678549
872494
124637
88228
468249
762812
656251
403038
148437
849943
930715
566531
768399
827033
91458
776135
446915
560814
503939
759061
729367
745936
185809
143464
105082
300232
749370
561014
188260
36443
111177
565413
511161
955331
538919
215646
508615
503953
260277
291742
129179
353534
977668
390719
630031
538731
570364
698898
181029
130874
264502
406007
719659
696131
289959
719124
445317
261169
304430
915984
888987
395950
379016
491570
974205
907674
136194
368064
211507
249675
646688
258777
923520
702417
921942
105787
161571
744314
947216
998231
796466
246615
941996
720848
663468
573392
381887
256285
817394
931165
417416
652821
392675
759528
914411
441766
694141
227848
971192
186091
712029
561183
556615
448650
734874
314718
632246
337553
599690
832905
853586
847333
107341
110530
122088
42828
445812
641979
721773
554513
498223
574242
705353
128351
910635
396369
749974
107875
336968
989144
917334
572135
765875
706719
725921
983044
644045
704271
251353
744019
880346
170107
515742
184583
999297
7865
748046
789725
687547
502974
144762
839292
339204
617237
22006
722466
828750
850089
915637
847630
809232
438411
86402
874575
415939
416205
448518
352902
78908
121320
794526
857123
826915
21946
763069
402027
536791
573889
927430
325337
419921
425108
842754
200568
993222
100846
425632
562165
237565
859444
517377
673405
771269
116628
234076
371181
793051
2717
468379
623590
526055
327248
590227
47930
659921
260780
613754
103212
383528
147206
263181
228347
887862
375810
671221
383903
575692
233594
204754
960934
113127
839740
692978
386359
802228
900077
245122
67351
52411
228998
329963
889672
777596
934325
872596
188248
620501
137199
501563
688032
967162
956376
597262
232880
161930
622594
935299
976416
579529
922850
239723
349160
300319
746581
386909
321267
119016
362479
449142
385197
74230
529172
675339
96807
489334
377484
971488
765354
541958
832916
750133
125913
918626
221906
124934
349468
309583
969658
796587
700176
326858
966406
114710
177536
791655
998381
236371
15903
389595
103135
75224
921358
626150
905013
269510
656857
816094
736733
487060
416351
446222
313632
48175
462417
392244
944785
227666
18021
740059
559173
902516
