236447
472375
450905
644964
964154
618137
400313
12982
180402
271516
81708
963712
676454
863098
305585
865226
535399
210977
852532
754074
114817
181445
599166
236513
850442
232888
717785
572589
321014
867647
356957
30985
29171
113662
611104
648310
798072
990261
1237
913300
831906
68556
554714
757508
728865
215598
929504
382513
36194
62605
648600
737202
745119
953331
331798
861446
548064
321328
972097
473659
18386
968147
227661
570160
995121
128133
515488
936513
474219
543614
426044
261921
250599
527726
126369
298793
754211
916911
989993
14399
263914
409428
577205
845125
721360
159218
595465
169621
529401
633060
844478
447251
548303
179105
708896
411244
205497
437723
963059
644413
