79882
655055
697611
724854
213969
761067
599385
754202
805584
751996
368536
850073
611494
470884
159292
747555
735018
271104
120487
349135
686283
993665
260988
683587
257935
798102
195625
364563
233236
860635
154954
549485
366608
35709
630880
184951
123635
376508
647197
545721
260108
948633
925055
616912
191364
625512
82748
813718
4905
714600
441005
94838
575879
980576
188364
151785
660228
893252
457730
201743
723212
619288
496647
588361
469613
650539
586817
175396
340105
32223
444086
264421
172249
979696
461310
414946
30234
663822
514781
655280
820025
619338
777550
800316
772357
792958
780849
307996
716187
476423
176402
782432
150046
747286
385464
843234
54256
509189
223658
556996
