899800
540845
12907
700342
581188
184210
893603
930725
541199
417110
583997
308868
97775
411906
327966
984348
952787
804842
306074
186559
119896
411305
971612
593206
617813
62794
948642
195388
535270
534943
616824
7205
371854
485368
721426
591825
872348
923005
539814
64572
630463
941394
279346
821428
379542
956704
98624
72015
959828
40176
912705
51881
66247
640932
389605
959217
209590
748900
480585
428729
27277
258373
855719
563666
783542
597182
984007
80340
773
562284
1004
891017
319213
250466
586544
236531
888527
911662
604065
340679
694024
120396
825979
639431
272604
805756
271572
611456
340545
684158
269595
30916
329874
591760
729362
769114
357655
344975
336882
231893
998888
413157
980022
298307
231349
249835
250100
887228
701819
218069
630730
691862
929501
182668
926847
715251
402267
317114
813851
903191
284871
111556
529588
400325
466191
161948
650288
55423
46766
239007
842108
573098
510905
855899
19009
797449
209924
874074
728275
883505
664884
862786
745024
355570
424269
717296
299282
167645
919229
655147
397659
17679
383003
349244
148503
167358
80793
859783
476871
202018
722891
607334
795837
288158
695294
822705
263033
897877
857279
555097
694833
794580
125554
700380
240876
864423
577278
513266
467476
392240
684451
598132
735639
869607
442007
724621
595773
826077
709943
295611
206231
566673
281190
767788
875431
488271
648925
611373
509270
902157
652170
590395
458332
158981
439908
203729
826439
309395
273226
131696
991207
541707
995215
359157
439033
215752
627326
710776
908420
485197
44391
795858
827452
80389
12471
995832
100703
539856
633072
177406
59943
441924
702478
310233
690033
230158
388799
633115
400569
54355
501971
44984
778444
199833
244128
414990
877388
744007
526156
663781
980957
138931
452107
905181
48385
833690
925180
229997
143956
162857
25206
921269
634521
649206
536303
730714
548882
853955
977258
733581
235047
57509
934741
51367
109339
741048
704294
700212
821299
822412
265372
572525
358957
465641
499819
217577
215456
537578
790327
548580
301846
787036
911964
424521
934900
867857
400576
389648
354961
149941
988407
796120
424907
419585
35463
125555
176273
800142
462003
188019
769098
257978
406638
818823
201384
218313
894927
893378
84294
384220
729139
22415
208400
939580
41076
147361
481176
378449
392042
921349
886647
661994
807558
890267
803895
122990
22934
566406
490865
284831
473810
922729
585564
231595
71907
559491
103595
460639
644919
414760
734241
279484
742210
311680
137175
71260
862167
221655
496059
399436
789065
27100
21234
268395
301752
247632
31252
306184
545968
83287
56894
888673
426667
658266
248827
369002
772634
681799
405619
539878
257911
740486
239247
780093
523063
428340
248982
813679
559960
327680
169265
254422
797265
885669
130121
931582
83727
678494
13614
332306
383372
440465
399390
972585
937540
977557
102273
865690
565319
765903
966065
733980
418529
214028
802317
977311
125412
617442
928774
455841
751531
90854
715172
748464
406644
380880
16856
672891
763204
639355
286326
823936
415299
801626
950318
793418
242307
600499
137100
915265
528370
66317
829923
579670
222556
658348
353879
837175
546879
326583
206789
714269
446199
695235
762196
970358
61306
836372
354894
979134
126755
490798
554027
886350
117753
616881
460562
697555
489438
47249
739501
121856
432749
882606
816956
240259
741048
736450
238680
69415
476174
171680
42110
670058
212092
808489
449844
428205
893431
116396
977950
756426
611622
835659
611907
381798
388595
325589
552003
569575
98012
842909
606706
127579
83768
556739
651634
242026
590714
358297
891800
639291
667270
319551
373060
923833
213821
382790
959706
944484
183836
689061
850455
412276
79933
481389
968114
488618
203616
7362
432497
403632
841117
726177
934520
585209
466304
362586
456402
528188
941336
840307
292302
511474
44471
263526
800088
259295
610039
575057
827395
787469
50455
111295
119761
728779
341444
537036
688554
416048
59220
216694
366370
516663
383606
652667
616028
477999
631139
69910
422931
343006
273658
76549
370576
245167
268872
717316
935965
554640
892766
372963
552625
803970
656500
850590
714764
842723
183257
322837
22096
735653
600759
549155
46075
844356
735036
205691
220688
484108
58977
861165
900586
118635
796784
334279
999977
718621
462619
999085
987214
600628
550065
633872
445213
827320
406521
187486
686331
234811
126120
85937
440768
161844
308666
596822
736711
246422
556745
894200
200852
896317
343305
673386
539969
373613
233860
30325
908738
225573
523560
929740
454864
386971
575931
886473
24845
449401
151863
214381
845347
512199
14453
627218
478660
678483
145394
791565
716943
915421
527612
461891
528437
89723
936655
722541
735882
847543
145751
899009
923882
752989
811202
811083
877705
524133
912025
512174
742941
192541
200634
668833
531980
565095
926652
485637
958975
16001
82699
124405
993307
98619
734413
824912
914026
668678
261174
81909
832701
251441
467487
560361
445258
91363
493022
711368
463686
544546
199817
451015
312251
807138
965863
179864
461468
5011
900744
780455
398557
328077
953709
598656
434851
145848
460768
322031
842750
73588
97453
828147
343662
558487
248940
571107
743170
6096
214068
605342
549409
880091
855208
968166
320173
686023
77663
173123
381824
148624
327269
654534
881601
398376
166041
892380
97969
181179
783203
626895
902908
520217
144973
666516
285963
319955
369959
243157
52783
115494
420429
666039
792489
384137
666286
906531
901955
922635
418833
946017
890798
136189
229453
980421
886969
845641
616098
976
139337
663810
423237
183097
180921
821347
635698
389402
45063
959860
303483
633038
141056
147298
386262
7415
148990
722421
351230
137196
528761
207717
132597
161918
440390
351238
458689
821682
667808
178108
613760
396491
729084
856330
303267
403250
155154
699688
888822
72586
919865
566894
212805
723538
332318
87886
493509
854250
196086
658922
833209
62287
958319
610251
190486
606895
940877
885209
648344
59315
420254
898881
844671
686598
359516
453635
371123
731119
918580
300757
721620
110657
856864
478061
913830
812456
13322
422203
493431
3793
466220
947883
94982
299900
682686
219422
397511
656267
140391
91781
916208
901672
883133
722321
918729
998963
491743
626824
637979
815747
598260
923002
270060
170276
575468
355724
397478
754853
149818
170062
769538
602379
278934
108165
120769
854919
418949
551913
411874
228062
704948
676700
373826
735059
965315
214089
551098
299883
399809
200906
277012
63841
428554
448168
827334
191788
628064
138204
455497
527222
704557
670045
369646
689787
497070
521345
287071
21208
921865
358500
17557
159838
723659
999152
488264
634807
203753
906918
613806
406885
880317
544661
132811
831603
659380
480846
165153
842114
173292
712466
76455
582615
782533
519105
733257
314785
870277
956064
891799
925846
703679
383513
642752
331434
481655
88553
552883
809448
848886
631638
546024
39235
244569
73559
626451
756256
595858
351377
28752
725242
608584
76704
911371
588162
841657
78364
671155
848684
439964
475656
692050
754169
621255
538789
