847763
338126
106194
538269
923139
666157
239573
589598
935580
46912
793786
669883
187019
930645
359751
426701
594897
568843
989943
104713
194845
721493
193627
610588
862112
359777
190006
62647
88036
566706
204
915346
632136
576384
103158
549188
464774
488064
69649
520123
162247
229395
482243
221471
2369
711142
128982
704455
65963
295706
815279
228467
96577
852019
120113
721639
14974
788374
740517
689690
864533
591774
8907
807698
460787
329891
18459
903576
577348
614908
508188
853890
547434
828078
216163
294810
593815
490633
370091
874613
892324
522022
296671
357921
889973
397143
803562
815721
933937
249801
487387
2717
510741
641319
404412
517395
810595
536273
673916
902847
362812
412180
972228
699760
626274
406626
741641
9490
93910
427982
681376
801625
262114
357416
205625
441743
889224
264449
583845
68480
70336
894773
394893
82068
18117
93206
681297
361494
259359
400927
161126
935581
105256
395463
711815
816620
17593
31387
721913
542413
378603
63237
452982
799274
931172
682606
337162
724707
942217
816899
317221
462029
332300
139346
973856
222178
174948
980495
216382
160642
615328
332644
990101
240167
522904
420649
959274
956374
329808
578857
429030
708143
817459
806709
178999
822818
941407
649448
560852
572540
833757
414949
584514
403751
285991
590878
413087
668581
794020
287311
820490
765482
515885
140412
642263
997420
298016
871759
205121
51557
857777
261314
380715
612582
108008
880478
971934
665052
202245
1704
837103
571056
312192
748373
844116
562880
14481
511950
282152
768998
32975
169680
638359
264132
640104
201977
807309
988634
77903
439423
457304
650691
740461
8500
364822
458496
29249
256995
328977
196631
188365
955641
12480
804684
315448
154868
222083
556330
714594
184493
200097
683291
321053
858996
529426
79956
178932
421853
791345
811066
989706
72891
759321
513326
577883
877498
545532
294054
13409
90595
770525
621756
456987
120282
592508
864531
351372
736677
810136
508214
11793
170758
849469
732839
270963
18816
34897
586386
357456
879850
160399
697179
450020
810802
909894
853872
257282
660293
922805
38739
114445
631151
11476
756332
859954
718001
977814
616802
185383
231809
92735
918992
516216
737121
598892
851914
25798
931614
482481
351502
624876
169858
957752
958990
472531
142390
526786
423929
740500
168360
314714
816242
966096
878097
624670
230093
632278
355748
408112
89288
722392
290106
323519
756621
727237
642997
66136
880743
350567
78149
907564
965493
600747
616537
934013
492768
436560
124147
164075
88184
126071
621009
381004
184807
475301
385772
271958
817890
485246
227940
280921
191718
557891
673565
536206
387644
355425
568158
743798
668007
749784
193000
318950
945877
196411
485368
506796
964218
292511
761253
190645
669394
892050
585689
855979
84902
311716
463057
973726
284620
838418
237324
881108
96149
442666
852965
724633
706674
532772
977422
144845
638039
945091
729250
982246
575783
747766
887611
873177
683280
328099
981821
789938
456471
32156
329932
347929
240386
247951
690797
879584
283327
855834
297180
735427
978187
603536
83302
233134
636799
836272
527942
945182
788522
636996
914576
100747
955166
927926
554171
413905
5001
704819
779338
720894
669212
749125
546271
180047
240665
321502
766908
537636
575271
222432
107110
915870
740448
956119
993494
32089
20459
53759
28789
674286
349068
828229
932545
740659
38679
103485
385337
610362
279264
344567
471598
992259
720024
579500
379175
298316
203239
762326
156556
367069
22935
702866
137954
709795
909130
780810
994823
718846
762120
185666
837564
448833
960926
808099
208463
596421
994637
431792
896198
104681
532322
200388
875699
574160
331014
674092
703577
820308
837016
926585
86814
424933
763031
548498
983201
705939
370388
662296
608438
851497
134793
183361
27124
486131
210706
463402
980918
631319
323741
672119
305005
107657
595221
160412
501912
788822
842312
738039
686464
36952
19564
142158
263583
382959
834689
216954
967450
975164
461776
704499
595597
203693
971759
222652
602995
331711
866559
691377
863347
228233
84243
154614
12573
671724
919441
700497
293211
639108
93459
784797
523915
611976
394887
332213
810103
691477
344756
9679
359667
661698
678879
125498
704679
986468
899138
924338
632641
905264
846465
927968
456161
810577
703792
218099
313384
190412
180875
936892
110468
736095
640712
203098
486231
825602
111083
285322
332240
92428
558642
78471
132057
253628
191437
758174
328162
587627
10431
241966
799848
69710
995919
800339
697239
208593
377179
829514
225256
279777
50247
423822
796489
941409
650316
555171
286551
884802
746853
844069
329743
937733
407679
65290
260277
112191
265815
486328
587000
580751
559829
244722
965420
217853
268531
453262
479637
71375
442920
305411
518870
184089
786027
206170
331675
165163
281189
135092
314625
213693
316567
568064
7609
155639
481320
914249
808132
418723
938820
948549
298329
657187
350946
873363
999745
380394
446223
630364
599339
46277
256233
352502
818687
48087
525420
611255
53620
165849
79098
649167
565454
930829
96659
977354
312249
497617
846491
324689
82846
986365
400809
817722
455435
866121
527451
754050
720300
82378
381752
875207
550467
121284
839980
779519
645380
525443
453163
867304
221469
137428
457102
188322
428569
836849
848202
206766
134385
527080
170922
631299
692198
676333
748008
399264
974515
636600
293148
741081
459421
276338
291434
484213
366331
708819
552129
896764
970242
690034
437536
87587
404744
270608
647823
180967
835396
80933
62632
587137
749751
802047
513511
147776
381775
721495
941945
688234
325663
104430
142073
978519
549190
588668
766769
620709
441129
961121
281716
381091
925466
389545
440387
7679
691095
972742
523378
932016
110525
67758
64445
731982
807650
536314
196099
53343
822264
577226
794642
133400
910084
973282
781076
656093
373392
900821
783165
609144
933038
457961
776979
601312
710298
730522
241896
98095
685607
177180
138251
806973
489870
776776
707498
846220
99556
856942
360260
785603
919796
491693
592521
134854
840862
9001
920533
410926
708836
337382
342761
234374
520491
893153
367988
9856
99726
820189
996042
739034
80995
144684
613364
549526
365455
787350
81630
546289
735299
740806
268871
286990
634261
544688
638795
854712
787171
858843
274666
122285
207636
284294
314216
497582
910209
925842
997584
871311
367671
595732
474566
234657
944149
342054
817335
250353
84448
200303
875859
618570
902942
44580
21643
422102
184550
647907
846418
715538
479707
417245
54276
590832
400317
350434
354125
64882
311352
392261
897152
159574
569584
666646
5934
384506
195149
630096
709986
257954
869344
70358
132986
59268
682552
970881
653419
315784
291829
749288
683357
724688
523524
355483
89221
394364
888117
931788
700692
901102
625051
515725
672014
888468
717804
414345
269671
5404
309092
822714
407949
939213
709587
357069
829264
296477
91293
859891
443437
217083
856669
673926
4642
121906
342958
776920
154959
88103
55863
21669
973917
891508
414381
268047
347933
586097
28929
612744
804354
70197
986902
514570
525532
151985
917695
972297
866388
670554
733257
886790
711768
616267
779013
410146
228075
991389
421527
534556
494646
96297
395825
386334
519324
16672
289875
661342
772368
607131
201541
348687
532897
398978
712743
3993
399701
979342
47585
206435
798501
441807
997575
593064
705506
82140
329695
892383
953803
389704
110264
51383
816262
755864
110483
130177
825703
623898
299295
915499
419575
455679
452463
215311
795045
293290
858499
410375
857146
990127
22650
538821
926773
980668
501628
168437
768922
895946
564160
755905
839715
477825
838346
339718
617382
568946
447185
579387
605814
761496
483256
79162
885989
559965
65317
976572
530226
261685
587629
848924
637590
181017
484044
536187
756666
636722
872930
140224
356317
252297
142734
405562
115419
132809
103225
232851
165511
417417
941449
800680
707729
597680
122018
202518
197413
358979
319813
198311
770403
22748
982391
610294
638032
447840
844292
198211
301423
646026
771029
60971
339703
166553
823833
237187
590048
595959
914238
403031
669871
614509
916532
88094
419748
490544
571314
639611
347356
945245
586655
956454
757249
161825
105991
216177
585500
546636
15929
717495
641050
717222
700979
772802
627161
939834
691349
879535
157706
689834
782981
616358
344472
544105
144323
663366
644171
367600
813134
196047
76731
210335
867608
200083
315895
825748
811059
815220
34307
69192
309497
146157
92826
8934
31576
249101
508398
889670
522203
185403
42116
404104
297864
460571
513824
169402
104512
343057
9569
809981
233427
419754
484319
829774
653083
847865
55136
717853
590
507928
560718
350520
754598
640161
270049
558413
895983
22429
2367
141455
430643
699695
184235
770451
648852
180445
774207
776826
836241
531056
50916
716542
908143
902851
77304
416453
985080
134666
845817
682605
318768
832271
780480
470240
416600
44968
884308
350660
191073
667516
8060
685958
770338
744146
485028
253971
511687
111687
997094
496306
255242
116248
478306
464835
669251
457363
845510
516953
707459
18706
745680
579052
95267
931047
637598
54620
791864
90511
934099
150218
902889
830735
582197
872991
116607
675748
237882
819040
141085
745071
752582
956062
916307
49301
15772
772420
795216
808523
66386
882884
310886
388854
87869
201634
803024
291718
789687
553814
569917
763885
8664
94296
235033
521772
19537
968169
824377
861351
381068
869256
320919
722727
535545
142254
807857
938713
543918
276139
762768
825760
560250
976216
316415
522195
221171
481820
926870
799355
105921
713584
257098
320967
252400
137975
161513
768500
814328
380535
506409
490544
479301
25216
450725
725680
705290
970068
617224
406237
447940
117708
168533
823338
817604
771438
250529
69860
585647
887689
100894
402817
1192
838971
668015
891861
855377
670233
959531
120821
343978
374377
376560
331380
918755
452826
704814
948025
594435
502919
35227
869885
177931
341738
894910
119792
827151
123201
626129
270241
699251
853777
55226
776685
60992
101693
812640
714826
230535
924000
401471
575610
998731
25196
282628
202905
962045
844577
2138
48994
196837
536178
178332
89097
936591
70965
70585
786360
809334
730592
33764
442899
822959
802154
259692
65059
603255
989424
570252
375704
344717
573927
765249
149357
891961
576749
212212
209901
332582
583141
592837
380986
972261
421398
328296
802992
393837
562411
249223
192264
117905
977702
798506
414675
458254
514688
213366
124996
126014
288191
412827
895014
7770
308511
922578
724950
58291
815396
867484
726797
362672
910836
456611
260835
860635
995341
514990
201543
778530
442404
265053
190426
166664
107038
162795
102330
263952
879174
711543
500071
721780
813487
623911
623970
210178
403959
772283
241720
894437
408684
15401
686557
228165
312414
877671
290141
909443
738227
851084
421791
825783
5813
457476
45699
313909
352968
227226
714477
865121
433581
229597
935270
879344
762357
643118
810613
430348
457816
343549
110779
249615
592617
581463
434563
77508
391678
944181
542381
411435
203173
301336
195359
220634
391325
280121
144668
825026
564965
197901
510208
563483
540946
981046
629404
494937
120872
77423
394745
664952
697377
966798
40699
240698
255108
157550
495055
346452
597028
493274
262063
292428
749055
995059
256623
377453
822010
656435
256402
129958
703427
776131
571997
679045
394911
591189
282657
56678
645952
679371
819996
71583
878722
106607
100875
94971
35711
73388
265235
172404
77360
363451
727622
918863
909875
371852
608388
740378
715608
412244
709280
197378
373277
748285
696314
904810
986155
763011
505392
212100
298978
925660
245188
145413
771831
670068
211185
409982
621183
88833
537595
504818
384595
708558
228478
504781
802992
43584
377826
192737
53562
332701
791760
182957
26215
113713
591408
168950
532457
744891
781254
388658
219454
322377
75507
964454
338189
509152
162382
581624
824538
322788
598962
697605
104933
139600
947645
114526
596360
66977
206020
594096
506258
949830
149304
243412
44502
415896
414330
310847
953564
412129
840282
324073
529024
302644
813946
449920
194112
777158
508797
841153
128137
974534
37475
679171
222484
372101
519677
653095
112605
407084
400486
106082
54196
385977
550429
971600
276149
400567
888388
542111
107933
8638
264421
627198
593119
473451
929912
619459
609794
646555
533869
55078
755184
27613
253262
808169
311377
588230
311128
327812
439030
96870
911939
299121
796268
832536
225035
324325
376158
981387
575151
875267
490622
551377
164921
584395
814630
105659
879732
562938
496683
451366
437170
44530
778211
940470
596514
456959
133935
416811
858597
125274
397020
157992
127701
882473
312400
891005
385627
407724
271697
655355
285755
214987
209991
788345
322513
445145
312582
701816
183877
356
709077
498149
264633
331408
901590
652074
140205
594142
862021
679655
914775
886606
282775
732854
307958
203180
393629
45489
342600
68634
838598
236826
433839
537182
73627
73174
721301
322025
932073
561
338823
941908
931595
808709
94633
333511
989429
716459
735812
426398
870128
796113
918439
862100
166189
213455
334618
10865
642588
741278
197677
379609
540184
60517
59478
181280
273132
86339
641369
390806
186515
6487
424406
291589
371404
762
931411
733559
496344
159651
477103
947831
997030
588211
531787
42724
7363
790491
432130
709855
995814
394276
665071
31400
168050
677381
780544
229377
556982
596778
82071
55658
426521
657337
564545
984146
475043
686240
44439
861284
227390
236635
800084
102352
639554
189840
789815
467506
513194
490925
78765
162621
578984
656917
315926
675707
568863
231064
94335
665286
291796
305728
531999
104547
400258
988923
586809
611372
310472
901656
165939
820493
510182
129574
678092
90246
66186
388774
291963
899842
618851
805819
419194
940576
608864
318346
289060
97794
322161
640054
681445
477956
820503
911630
967535
740239
181799
959991
242548
217040
959891
845366
21490
46816
375004
894838
420653
242275
328563
951844
793073
633689
698613
698365
517390
37537
452441
744562
323344
761921
153608
792657
606584
728013
292585
230653
115323
834758
566471
267206
473583
507635
8333
247127
755455
740987
913052
383632
913439
223844
853850
455089
502829
750559
466823
271263
461004
893640
94100
480752
526000
914362
813968
595718
743107
363814
129943
731906
309402
629906
944757
724277
352881
829904
357147
299481
236136
443738
55218
434097
605438
109970
615582
618584
43185
172316
139033
421977
807709
503958
983299
123483
134874
298874
478978
310855
473090
377367
892850
397358
385294
947327
265764
787779
499132
780456
990409
716908
947602
314400
769950
501559
316937
677297
54606
853340
832841
593076
317298
437303
81807
636487
26017
523354
815581
410478
321322
106556
967933
943479
850800
307905
483347
464520
31321
918431
702734
350918
786166
804566
858393
523069
743890
793071
460498
551110
445082
611772
797177
966023
961683
647072
6227
173238
51983
177107
871473
146705
591632
395582
595685
721934
504917
871236
197601
975185
206983
836349
368835
914676
658803
691591
750051
378540
802143
865495
584301
182295
262905
237045
604590
56988
377338
371589
375752
598696
854972
841311
601954
6388
509856
944844
249580
582567
870624
507787
338779
286588
770274
282839
560806
336594
773045
692594
715857
999833
650108
841027
270610
299326
534112
459272
19923
380016
185891
386894
656259
838176
396942
615988
186324
928755
314794
970713
745884
619182
178788
566504
294939
961254
110862
699730
305723
435881
757126
465687
598404
482667
629224
490587
639694
426056
820724
36802
746110
640349
628264
557967
724478
434807
819871
300268
245485
987905
10743
672493
94775
25350
563995
654251
408956
662934
960567
946776
49646
470871
650839
50009
387301
360370
530986
99321
125381
71674
751097
721673
691484
262605
111964
189782
699712
522863
990627
779480
822227
883709
68109
995868
581097
834665
569998
631748
729401
298970
364067
728879
865069
941617
952847
678836
288021
945779
270828
277257
762724
541259
716925
622355
563655
126428
714349
725152
559693
489884
951990
695159
900973
687803
189741
459621
981903
450944
361601
333964
243069
89820
604700
51460
756714
80534
810251
873030
612831
762924
182746
93686
345864
741924
159049
512350
88161
449289
196272
532172
297350
151817
274200
423111
398316
591317
54670
758828
213079
335159
133451
933087
304893
348966
146838
379468
50130
174018
499763
350708
888687
27374
271721
414480
255337
880900
870890
504010
183993
238945
129521
922415
532898
138599
479128
954776
868548
594960
564027
810316
474845
507405
192922
88884
426288
230290
937584
493123
560463
285195
323116
617552
366418
145959
988914
990271
614081
188557
109200
159522
852637
99223
111097
275857
860696
473916
873562
445903
716301
214086
762304
490794
68493
49568
559489
85786
296145
320152
628346
654825
87074
925681
210211
276515
880402
20698
214605
5110
713509
643200
383177
427466
558210
763512
572255
318844
152427
767563
653460
645414
914118
510924
839944
561399
535006
176205
302978
343210
246029
854257
622326
101386
238669
165101
818277
455073
761076
387733
846208
500764
516054
108281
127888
967452
96427
607543
42379
956765
290846
669449
476163
858677
263796
827382
642299
306005
646170
961799
9247
437027
858909
86997
10486
946064
53614
972409
869065
808531
144532
609303
734423
255931
936844
561998
641840
391144
252203
892809
64714
416071
642856
755135
125899
953551
866575
907407
909705
789773
708242
127433
976366
258434
554252
918177
238263
850815
684007
246397
566339
133527
101094
640415
637460
662047
202525
264691
699281
30546
238512
635938
575238
912441
560363
479564
73902
462708
621037
804167
726223
836648
503690
75262
415251
290728
102822
70873
73549
995474
89739
618356
384467
798440
752310
965112
880136
888935
852040
648834
617308
966724
56394
887629
945079
347060
163262
762156
661695
563612
806815
700049
151442
19840
608036
335994
480845
925887
670276
856503
841269
938528
592783
61852
409359
625728
598709
589726
576411
322512
267012
136288
505373
341187
55568
740669
533727
919390
80046
394357
965484
923632
335199
384938
987632
636195
460818
353836
354170
216686
688291
720584
585428
992860
117662
160136
373446
837400
964240
283848
868502
150798
529844
360041
133385
322265
218874
351982
708829
745238
805356
286271
653896
469258
410557
708164
534610
857690
887843
38721
124381
90543
609678
734136
874043
754566
15827
178867
551349
339726
382465
636539
464748
1403
829396
347558
46793
502225
605151
707311
227963
404608
520092
152879
286433
459301
379610
100193
114123
494642
507773
878248
98295
430689
455093
556643
955732
395841
463866
847675
830820
962253
350632
144241
200337
403338
790521
136604
395679
905118
521498
814328
596400
447310
318243
49338
981092
100289
584228
445429
502635
179215
713219
566570
933441
241347
110990
611669
256837
834610
735858
562302
330560
925508
654828
303723
269611
390460
471536
331054
214802
103436
704611
597027
573777
414001
873705
873346
407660
665721
842227
519660
203675
488597
727693
830287
169562
522040
193748
936248
939389
466771
966063
799008
610237
875450
312312
388493
276771
476242
500247
906902
200997
738831
587420
571741
141362
694171
831139
192403
416013
139723
313140
541817
289647
741833
898064
322384
547936
859259
116853
906569
677281
461870
562479
850554
346283
424157
755413
62519
454529
979459
620023
859317
921270
684569
782871
836951
873566
99951
320575
226374
410149
94111
598734
57208
972237
204062
790129
1967
56236
449271
501149
528631
588233
113236
768301
424759
8574
638813
563754
977504
471701
740536
539420
594638
805705
778497
513239
96826
652781
916676
540758
315452
332591
100701
797018
423050
209789
913812
348957
930130
753328
69493
580944
547643
454750
515433
319121
998464
32492
612818
417723
777688
79053
84353
315161
425393
912148
208866
247261
725293
464898
197112
832150
711915
624591
824340
606276
598170
623960
239404
813237
87151
865801
109373
146526
736742
114202
81034
565178
464437
337911
460304
991396
547899
119895
535141
388464
184461
868878
875445
504710
761680
723969
534713
193192
870443
170196
418032
779420
706516
544030
374088
491994
970390
357063
429617
443358
416054
836361
387999
489473
489327
658006
425690
95492
564232
132565
847411
745310
142373
624996
649671
446943
145778
978910
727829
522881
715212
641446
559946
611299
2350
276625
13282
120206
605067
726205
776181
274672
374915
524064
343136
134488
314781
640538
690158
895698
321389
715687
848378
255320
555155
552048
99039
496632
278041
387692
499780
748489
102187
199760
360178
803907
261675
971080
127147
585644
19224
606960
4597
842229
396065
112851
996986
961183
524633
198715
184651
938018
506426
877686
924106
394461
80234
155388
529513
312615
928476
406604
825189
245384
305121
428172
660297
78181
108081
661581
57557
195225
596353
678357
517707
314782
920662
126995
359621
871518
843875
85015
194025
669892
954497
905737
936338
439989
928513
858296
565065
101574
460088
506710
249161
239124
118740
34341
968519
303067
182524
631695
293147
886806
654449
873943
633483
865803
435709
60923
638810
116984
260550
805829
609102
970468
975680
825943
935384
744871
9103
864152
343718
922288
374364
3661
200469
272225
358488
177881
536344
252938
633361
227232
216471
331542
998635
598173
297691
62083
373800
355962
161762
200133
469772
303382
269109
659422
403370
969144
540158
989946
490435
27707
639079
36511
402829
160222
441983
963780
247103
572405
753490
288140
703498
525007
35668
637057
984247
183948
217945
782413
230315
594301
939278
947238
382320
761244
937879
768226
382765
923114
779307
349832
847895
818302
761267
908116
678605
612020
646770
935887
597634
544323
879616
61049
6197
266922
775722
112559
117818
502375
978501
894040
822607
708642
921161
398329
781611
294039
143124
368463
79821
40461
422165
572337
209599
508644
136097
934379
727934
146784
136660
120495
463474
559654
857551
133626
11447
989297
467986
272153
471821
446225
432413
17240
301070
707652
689657
12206
654345
114757
358823
559426
870290
784233
313034
547841
654362
58204
919673
472330
916741
472425
619689
870086
872723
655614
72021
188159
41897
761447
812125
716054
821065
134803
127350
26387
396859
169316
69349
367859
629905
620847
207036
212204
860896
621641
654062
196325
833514
715729
41453
794818
141441
553107
759531
38845
779393
633795
736038
244909
613635
517278
242264
69183
204800
20426
804500
961229
836940
437249
48757
758457
639659
346536
332608
513653
261689
69746
800116
837582
472676
421896
287281
523495
68461
645954
540554
798171
13709
939845
528931
512921
54687
149173
130826
425452
668449
983235
731092
878685
961954
920481
803419
103958
500020
870688
435706
203077
261665
537364
278461
324196
959008
247415
383439
267087
169322
51687
426139
322980
309410
99005
203496
804727
572466
346115
535734
296209
600970
726273
586969
251224
124191
433641
769397
218675
106094
247704
449664
13043
499000
127313
911326
541491
311134
10393
422593
633624
986238
762179
307982
417844
107764
26808
114223
177494
115232
75720
982883
281841
354630
772611
520031
893506
122334
939417
176494
634358
389193
148964
999408
507878
432081
331093
421943
336072
612437
234811
802441
545131
215884
712732
438937
466476
996920
723989
122225
404528
42167
60320
438617
521708
73887
155438
568236
823243
981390
595968
399552
125278
645003
241263
185983
488027
6930
973618
905818
851972
917758
921307
983013
164003
515074
897891
156727
291324
205492
734887
518705
605852
624718
459522
504674
743861
778891
418384
549087
287008
547997
50390
144795
846207
9580
906354
161100
336771
368563
952417
453457
437369
981830
435147
199730
393943
394298
993964
29302
887836
293730
739264
771939
296048
745930
277197
753357
251253
715105
174501
678222
212765
802062
890522
669613
288365
792427
132668
976500
966722
225489
335710
438048
444806
34645
358614
331707
910529
619143
338124
278344
551301
771615
308126
904034
474044
625621
400451
823607
1700
790842
7195
268690
402204
927438
682980
186456
585087
735520
359357
989710
440396
342516
423890
726561
845568
843735
162678
799163
205109
166532
840897
125992
768056
542915
52469
674684
637375
10337
119210
558335
476060
583782
637891
60620
322431
125299
908902
62195
485307
224701
923591
480324
45180
358641
928871
951193
913625
159470
46980
906640
642342
321101
942811
860711
390877
345400
870591
917041
822450
918587
520182
860499
788363
157013
733303
661486
285375
118173
653903
265639
445350
491679
361926
72369
639094
777928
103801
969700
565056
115419
46678
566782
483630
249133
611325
203661
192602
2683
6002
340050
113062
366360
242019
830281
452164
162162
451789
965584
38949
258091
273781
554684
121291
118957
632258
341496
966468
969879
80580
236527
922550
415105
888797
415354
713546
15560
166843
517526
549000
411467
973999
841441
156896
821697
713785
542379
148793
546138
22626
64474
890151
35688
696093
204599
226496
499130
787260
610267
598853
29535
277590
594994
267746
513529
276643
783652
985474
568960
976148
141716
760970
783078
758519
287913
509926
383262
641092
131013
496237
259338
998411
835451
103537
283229
979531
970138
116661
156647
802005
646443
114520
768807
483290
570552
138303
460243
558869
464665
942638
249050
804748
632020
225520
927496
95334
166184
622179
164078
323815
593024
279518
106454
102345
338772
21114
66345
766278
142889
660402
453244
614091
255965
163654
488401
980207
719317
593298
791753
800895
602213
761556
304775
716644
397083
907555
225812
220622
73010
404653
769034
95105
986234
270869
620367
277905
7729
328842
58104
43238
639910
282950
161255
152612
336484
733999
165813
595545
343258
317107
667289
830127
60713
617864
711127
648498
978885
296310
797759
496445
693709
608126
585537
530734
45201
319024
519318
457937
389772
515111
135485
248861
416410
391641
367401
15877
936669
716317
851156
597679
930060
910553
112546
500606
373548
491250
430177
410760
534562
428859
887090
402454
913867
427219
820548
816669
238284
401022
830558
848253
833638
90300
775345
196140
25633
215259
840028
464452
923263
849981
122662
193027
587198
503022
993869
463417
939812
616932
218650
393736
327816
710659
820376
461324
549066
949408
22756
694034
908150
78881
72467
955776
587641
932936
807248
598967
741035
245371
818596
39888
879855
622185
623860
745690
510447
142766
64318
589185
616550
346386
780487
886706
270180
273413
909682
573875
114322
851143
639141
531216
334929
565530
118917
535289
793617
860373
365539
635856
40700
105496
84071
864280
638248
186470
483683
229593
747571
147230
728792
114526
608224
288881
188935
163198
300593
443127
155682
593788
500393
205658
684713
244686
223788
395296
997180
595580
46214
513846
155845
254432
384155
47572
897663
858735
524471
737160
556080
773196
143453
107415
595178
292539
885941
185720
132286
567693
123190
385821
747907
89472
365259
387932
681337
380259
574053
776324
426988
506505
901844
537796
636185
188764
223539
132333
93624
45981
626187
199505
274626
711168
922951
502992
285970
296777
677987
924186
419953
249744
611928
457598
422184
506842
285391
241211
203940
440763
307953
902428
331431
729713
552971
756981
430418
347595
718650
4355
223277
132108
246956
247670
565557
407804
652049
638457
304672
843027
246958
192762
861096
706070
612930
40208
302152
159279
320691
517278
417786
597019
1710
130744
84900
544835
621831
304701
458951
71633
417981
43134
189000
90697
745450
870959
630214
978461
778137
309343
743797
252033
494348
260816
517820
817959
85469
609334
392312
718197
620757
428281
778118
537602
323063
322894
94538
668445
44354
984437
537136
794714
224472
892487
465384
392351
134272
503926
958982
694080
148629
243573
283294
666792
983516
444985
259541
296747
431353
936975
713753
818786
564906
321616
957326
749885
115686
298588
736437
330568
802504
147498
829527
262993
529590
868061
389080
785178
276068
843209
878229
911120
951251
779071
765242
958269
66628
912129
508763
203070
146943
187751
562485
408301
340152
60257
186694
999224
429105
815868
199343
499431
886557
587163
856621
331413
392544
398029
52805
921890
666751
307284
174967
550349
345075
238089
456744
788742
820144
236080
429098
551933
114962
839781
94542
25041
364563
582680
559651
280145
552083
271991
417902
576190
317038
91939
841566
668217
166069
331927
164746
856130
444051
924430
970116
633476
262592
318964
798391
458917
155936
863386
602665
767008
214561
844524
951204
135380
907095
581095
364447
323954
428395
79494
758972
714851
446739
28359
965542
372979
5468
263664
184445
345293
157180
275707
414507
460505
653327
223838
842241
745499
566001
566079
514023
252199
942746
645533
339104
218264
189485
993224
920412
129972
962696
840863
112528
480146
509720
684149
387980
197131
603117
115956
958051
421044
152568
691133
66959
120861
510260
975601
17321
981928
22449
672367
266828
989401
401721
860715
163122
770972
521899
485139
342037
110061
72957
870772
6168
992110
663661
183997
768999
853146
433922
87926
303815
597898
689231
44282
568009
635371
692465
854054
545683
783881
330865
27955
204353
602893
70390
292513
364506
457296
662259
464092
347333
669330
527205
797381
897112
856127
34038
274615
226979
806292
315015
746488
338500
403235
14967
637382
198368
161196
805108
602087
349493
23586
555798
830115
429555
523368
301842
37174
228837
384755
630941
470608
745731
584962
852549
340842
859637
41244
18461
377001
335398
187228
947748
354803
294800
428385
79232
51507
114461
146496
716116
899290
921895
641955
843734
972774
658011
441810
582083
300963
272243
140967
411974
827308
331028
390309
726981
221849
57675
252941
786113
512871
373932
623827
530119
422830
391724
703832
207172
197039
441846
794011
176992
64014
412628
344330
796371
235002
345736
542037
112800
156885
235809
368906
157911
688735
621713
741025
1096
138557
329992
461746
177248
608306
601645
222316
703666
632804
167964
446311
110338
569187
934618
462351
755892
45155
490957
595674
736735
970477
868871
633159
334477
621056
593793
440357
185648
84635
252017
739085
721675
243948
47152
773189
39237
951999
623112
155681
753745
288205
540050
433199
226985
776298
376168
262416
472643
207107
978326
47866
939112
184506
940788
294946
598271
489527
588059
377210
804723
365680
574377
337479
276633
113615
381365
249903
668683
269866
451117
251421
771660
353005
730192
162422
823904
156278
473899
562373
209850
51547
566636
589713
683320
917384
862823
34221
799123
208201
488363
429598
512472
644794
990550
602014
151531
929404
401972
942477
217107
814844
134296
71042
610103
154764
532985
669222
49424
432411
181930
36202
494212
378679
697126
136287
255347
292468
315208
663493
629321
895636
783118
465776
616486
17321
935566
775978
775201
664872
54304
79141
614593
703088
548457
708844
79164
609884
360469
841738
950714
986795
329042
456719
492773
551444
782231
279173
171679
46512
374977
845152
819452
13835
360964
972501
734533
225272
66106
624213
411210
338721
651129
890024
726396
520989
536025
46614
727571
348066
509260
44019
310549
458167
586183
989685
965962
761949
177369
877034
337539
826249
971853
507724
85299
438816
115096
627293
27457
185490
67897
934986
944257
150039
895284
910168
335405
410089
995969
234762
121986
932599
808155
234259
493698
740579
205645
129703
70823
112971
242286
212497
502967
175540
191952
335875
470399
633047
356637
575166
365235
654561
357525
207319
1424
302617
309870
686023
310379
447815
906576
435509
512050
344380
313884
161122
935580
399860
970203
293797
290848
762574
505194
135834
12017
11837
615104
629621
71510
510272
775961
717064
399517
441991
918896
997369
616078
639382
307649
984686
920252
373442
921099
813044
595671
815982
231776
584964
366669
658161
744928
908478
90383
161355
701131
921573
458259
91155
677817
682696
348142
266844
784958
455853
495656
16288
725157
2729
629850
397850
860022
562065
871467
143028
624109
824306
476647
558173
905074
442916
693398
195866
16425
675630
429761
833830
410942
392809
100550
325168
37998
199474
379492
925346
131597
406501
840301
632560
871817
302535
710494
34001
83147
553830
272018
557537
168935
798582
740459
13008
782735
879430
328031
819993
368836
837786
887739
496112
944197
362516
860494
321189
393438
877422
433031
88353
71801
559710
543729
947608
601219
217154
466696
309395
472278
252331
649163
760437
257594
257922
254529
984624
326513
501556
901364
259479
700783
11411
324486
261409
623922
40530
179105
50370
129855
856557
671829
462575
551886
157737
853519
109598
306639
315204
332642
358507
172526
282296
867405
403792
642195
365114
860274
680336
64320
99979
396083
303625
122105
220087
184254
964378
451790
108295
253424
220135
170100
626232
331825
165235
277512
398328
903327
647699
760746
654977
76682
296267
980428
36524
629202
907517
170563
430474
752153
979416
104034
135511
854184
790984
56044
435892
267567
238441
441538
740435
313885
441633
445432
541642
841182
153849
236297
338879
579972
421466
272579
275088
316077
381454
698656
162873
544982
232387
351519
15659
416254
10045
546742
959862
853026
368475
657127
979679
616536
138966
408833
772290
548988
102454
146240
154178
499857
315702
980661
871725
623731
445130
597863
237031
906911
371688
765059
714890
442314
395570
826741
583418
725620
137435
925419
653858
744038
535977
343680
555288
946290
352085
868730
408498
584723
903958
647347
119347
630047
21645
321158
912693
439682
248501
406356
86733
833980
223668
109871
611549
528303
895277
472662
991056
219373
894946
953535
591068
179098
361809
713661
773476
288939
131826
512692
115311
571983
921576
457144
203736
488872
574151
880139
536660
138125
918842
594410
242166
150181
868847
191863
79136
916299
360049
864460
988035
535390
984996
978871
283213
603834
471554
32738
23080
899438
94619
791655
831810
32094
768429
861850
884242
378837
427165
889372
862775
509664
226185
689087
721925
207071
577632
356352
816905
261934
352510
291600
24883
450429
641311
430656
355318
438285
428664
18977
567757
689719
481806
729692
546529
465661
978536
508340
443822
858654
321891
229390
323045
395488
581630
382876
583906
440013
608043
623618
625980
253439
86749
116597
76902
199503
161126
125365
646426
287022
176983
830502
594724
604528
539796
105041
998235
490922
230649
791436
668035
246182
931468
44407
420117
528466
878026
785414
464987
738652
230148
871458
537215
426326
647786
377560
303293
461458
642778
654091
581253
889876
329440
899828
634172
579055
478568
136788
479564
642961
647020
504870
282244
306139
620893
709522
628209
697053
733198
693956
429034
13087
347023
753042
851485
58042
208610
421888
496688
811635
369507
559103
607566
151587
203729
419627
363059
445986
792563
556810
791310
905625
650771
306516
16094
749908
589944
106157
185321
673248
291304
765356
948884
95724
372923
206203
547221
129951
612153
510040
767737
618877
926798
372300
260853
539616
624019
659963
398850
753339
813274
47494
205095
966481
474462
136785
171408
29502
559559
581125
101583
954148
986363
807515
266657
286217
254445
605970
774766
143343
594396
408514
593151
396276
30700
681340
173182
322672
437457
640493
966820
630089
259960
297349
783032
660733
909152
670307
994271
95663
366878
832314
824101
250181
29335
480411
715800
308579
496854
380839
920886
13452
125222
222036
391552
125808
588812
230230
478454
286503
936254
187810
451794
469060
889893
446831
896579
634025
904289
338773
837272
509097
301228
247200
75811
572263
457104
640767
736154
590476
762325
358299
119959
122799
634857
356494
864610
69911
907364
28730
92821
726687
902916
163177
855915
496721
62867
731196
205571
872888
215221
988423
797064
44088
161479
294168
435168
51902
694847
534677
442116
611858
361562
724803
421825
456910
47330
919329
781719
754679
676783
184373
160910
404706
421030
679061
287360
380614
470170
457299
977400
335843
986522
577847
799994
841177
855789
386744
90732
146028
270489
447273
788320
715718
588136
882478
929271
117395
452321
200352
105808
284482
287783
363805
824647
252410
824150
40105
384315
488824
35526
275292
147620
225589
665722
964786
145825
507336
45497
531662
360383
545688
81689
915177
155906
474111
129967
612896
561097
686732
534010
876075
9609
426111
366882
698376
992018
172296
996664
92725
545359
968317
234306
49619
101131
520452
484904
327820
252022
208205
375215
175890
662440
38646
64174
952449
359129
352127
233505
954773
142038
461037
338243
443459
790564
199032
632397
249019
301515
669778
357533
706900
118446
838036
28060
619041
215856
520002
925085
866422
65144
719644
4726
521603
2029
772452
205462
896782
433815
345183
431638
262298
172333
374765
683137
912005
353389
217223
254940
875438
541476
786430
170258
995897
224262
460332
794423
565851
372448
933471
38071
384606
932884
914839
9834
26982
423675
188523
807253
43853
957608
903584
371445
721143
402648
867030
325512
764178
110749
246395
431668
522908
562215
762498
125923
601320
761661
918977
109168
613228
534194
744217
104198
789408
855698
954445
418022
388905
7474
566669
552665
421099
368220
706884
829948
955273
96251
730064
458965
324284
581308
322240
595542
429462
890107
407175
22644
962754
537675
172192
952893
17297
392637
156546
996527
841639
471965
615820
879489
607976
900810
785297
245734
738833
754682
951020
275321
519507
203720
381136
935181
675218
696776
941206
517166
52056
781257
346242
404160
482601
241060
175206
774564
199721
554463
750739
866249
539101
451983
608360
37475
320252
59460
402130
130951
532966
124946
493031
252592
859246
266098
185595
209124
216356
501618
683056
805324
52284
173904
536834
194300
544953
939014
817398
365806
923918
65009
592157
336344
444084
132042
715216
861034
244094
948139
91471
348350
801074
34495
14086
750592
751836
271906
704683
565878
208698
114496
190623
146025
290832
313069
548758
66074
509817
251423
43783
328868
284389
231817
818896
349219
909898
982753
68080
947793
751855
55896
842297
804139
210745
454265
617188
885984
883765
158799
587535
384279
922611
801206
260660
969250
550560
7776
580162
457271
484623
669270
88917
121790
658380
527434
474553
658475
121423
535058
497431
762694
408492
422589
605663
366176
870250
803297
792689
125155
426946
768764
402047
604243
948531
745263
7185
397445
95535
248645
787040
831643
80090
286336
520600
784987
240039
418244
120529
800481
10428
92430
653497
567946
497388
496851
838897
957706
975476
42558
886305
809062
449174
800209
369572
866912
975250
676277
630618
124657
798846
994594
202344
833427
196528
618085
280832
856828
754036
147221
870597
109952
267392
589306
241649
316324
931587
830658
143769
945100
134559
793124
985792
443819
898053
574303
977402
446347
598662
411493
362194
420889
996401
519599
255899
297815
521713
378953
120517
448291
341919
3602
639161
67776
722297
589235
817498
489892
819138
531092
69943
207046
894760
528491
377815
299564
768412
581888
483137
169323
582577
657327
45796
242361
796213
47862
935734
567158
948031
198961
22192
925727
37976
590881
190056
922427
600048
309304
361020
940632
479126
578064
200641
902428
784818
951866
487530
261857
527017
100835
551936
342456
577193
188938
837122
352560
165215
19335
425437
762909
859238
884604
687955
311723
615587
712531
741257
80579
199432
15815
785344
772842
910538
894611
717477
235292
568837
247231
815442
142510
20207
927497
197556
403771
28071
69097
529855
211622
544141
994052
845206
997492
511272
575005
582927
607442
923505
359089
589477
254427
674591
446116
450919
214081
173782
314565
800942
559705
588806
600503
829089
913129
566173
348524
164380
574176
374372
821988
820398
694308
995030
159538
167691
573067
389206
424297
985789
631924
320687
804005
378963
840118
741695
991642
894553
507629
703208
55964
260746
840816
10674
447440
661306
677462
739216
351026
835229
366462
147682
641880
576522
811375
443692
64984
122813
240495
282353
753652
87077
139789
254983
190029
585016
541291
863153
84765
537192
327859
425702
467655
722650
887922
164833
391536
339356
836439
388270
638354
837128
215882
210982
725619
561232
606809
262399
278895
878762
158431
714500
491879
338879
887786
87814
563068
572482
1310
848605
116167
766953
749327
674231
688964
886090
340937
776461
460689
360633
90409
330815
28443
531008
564157
512709
586430
48367
759679
5682
355151
690960
942895
507197
691169
591468
685470
329859
665258
600742
227575
385399
273686
949336
933708
193746
420556
278171
657225
996375
376826
558915
763611
933609
286490
909988
96662
719643
717688
712151
194060
137042
915388
97847
1927
873304
629464
230978
651872
507946
344706
331771
382138
856938
592694
456700
686149
94844
574373
691998
955919
559333
939975
392598
853469
541968
186369
755506
29660
514928
805662
374197
794608
245796
608184
187130
712776
769003
133213
756118
620091
236070
762080
555145
744521
503740
351152
811896
135208
488317
575825
683236
179124
564304
243945
5037
706136
506479
462948
132595
533063
604009
127646
946465
363841
543030
800117
992015
501102
587174
165171
468737
867112
809202
862114
759010
68866
422520
291373
660389
159565
119806
815489
410257
201672
359976
741820
753846
578699
132024
323838
823479
617880
513947
657292
975070
834689
361317
827194
576095
335795
159202
610489
563434
821705
63199
282979
172086
851644
717376
139654
312215
951932
130729
151980
846955
361615
127773
492220
269549
623125
335292
106621
539701
226104
811935
786136
619731
201962
123067
475912
274707
947689
584691
821240
729391
478732
199795
67675
760053
443446
532797
387715
142550
978541
8574
18592
999746
812402
928226
461363
254017
793809
341870
311434
568782
33912
33545
899952
34387
392672
700252
306474
203082
456249
242840
445050
406383
133986
696307
346125
995446
405690
688699
272480
256731
871678
116195
583485
658131
675757
504576
824966
976957
203300
870868
196851
957506
319154
86592
374048
281434
484246
529118
658292
586872
126500
563938
829531
282502
559588
504189
604234
468621
385421
505546
488561
726034
495172
533523
797928
367867
61322
734115
49106
905867
251420
113086
77906
60831
292093
312051
154982
871021
669576
751950
150189
592473
484155
828722
916873
236584
492515
665359
238313
403773
376061
937901
894322
927272
589595
691217
150988
573358
72864
101075
750133
397272
530761
673006
775335
666887
761379
995981
512271
976311
615390
55449
8327
164681
619211
553166
864546
92392
94289
746302
928156
165350
726754
712710
342123
148348
511046
982747
949615
586228
485174
429591
591169
552427
20102
745244
597148
827212
317540
282856
522073
99073
776765
400465
899427
271147
994538
600675
813229
413679
107646
805655
35578
278440
557441
927602
724771
279952
859610
311630
891330
123053
213432
629879
317134
148759
34693
167426
212682
309504
970379
218262
65863
107763
926113
194466
227112
802984
423299
629210
846057
510710
939895
143024
839288
382546
997520
966559
775889
368651
612949
854114
745499
532331
810855
327171
904210
410863
413823
977402
539749
830782
513155
894742
416615
198943
608039
551517
393969
196397
124630
412057
567341
649707
598535
976839
224855
150416
210336
321015
980379
334793
544000
421276
338324
211662
546211
520915
227392
436017
981066
676301
688892
472469
761730
109147
92861
945683
451439
268419
13601
3412
284131
726450
936892
424620
467316
898456
705337
293058
78864
219306
952040
932106
882536
383917
80237
607422
967377
98179
354166
37172
787596
581848
758745
703149
703539
550802
443062
954385
40552
638415
621604
785604
819644
970502
287645
498527
129433
820020
581112
783500
419417
142719
1083
778991
151569
151384
187352
909620
804221
124682
782080
162915
612896
449238
364706
607982
302741
481487
788773
871099
928384
512869
291942
780589
182365
76628
608302
124269
882256
394015
41103
111246
526170
714238
484134
310960
163077
59634
197892
996018
54777
271079
43040
86201
885370
241383
868515
211562
558957
434526
923063
916110
419028
29130
703826
808482
125220
334464
452209
880138
906990
316719
338548
296709
707616
658934
733948
633761
990789
813200
797965
341532
939360
856973
396486
69131
880821
538707
820235
58180
227748
470747
871067
22386
808733
430739
288376
578028
472508
930486
943418
925781
51368
271013
143507
528547
789415
252094
276183
341137
1836
951515
135705
566410
691695
198279
543787
605464
163658
184687
420747
237645
813996
414523
215927
148713
958556
887615
919836
64127
704139
818913
607026
849603
518097
821799
313086
130427
735445
701631
865954
917634
392155
420947
390836
714154
959315
116763
85235
439640
698458
394570
113158
61772
954034
961418
855970
422025
6565
7773
104601
61937
181964
272726
30827
234766
971958
503900
460245
65686
906466
306593
713490
466296
123742
284019
197941
708247
378991
847964
790810
318030
852700
171588
730291
994185
526615
548439
925877
640320
228640
959895
507927
655152
914367
724008
862839
790505
727267
991136
186973
908441
201821
336370
845261
697249
625834
708548
596823
957194
320533
160078
772423
354525
954760
484869
999176
813642
279887
334933
604429
182620
358196
407218
498551
777204
413020
214694
838273
830701
55518
514138
192780
128591
9694
839637
880922
574431
768959
4656
476539
417417
773167
344675
622094
867683
687629
3899
76815
801142
69053
426844
589374
203452
290139
53548
26805
512679
922302
944775
763177
860976
827808
548859
360428
810829
367292
106677
806434
759679
458348
391301
418403
199027
53381
380919
521256
814767
249014
229127
820422
997297
770986
877374
729723
406132
227461
724237
216753
204901
544287
393344
814507
277981
740215
914178
342088
158696
234910
340253
549860
41703
365313
913916
453294
863269
720879
585441
695056
839793
851644
76517
375263
65591
745451
314561
921704
226625
443951
587452
519812
152954
898881
240957
479354
27867
804696
258784
845067
949379
415507
945655
836955
624550
140897
938549
893687
926188
249113
585351
296434
591240
699077
334511
827799
372947
491409
840269
98239
955364
998373
154328
822129
776457
401085
959028
572639
235822
956939
908156
347390
105903
382704
520172
234608
473229
157662
119680
788495
485504
312147
969228
875032
868247
829318
809411
96823
317767
834659
231055
837242
804298
805777
647980
205590
787648
470782
39672
842661
656110
354273
558274
747613
547497
243517
419993
59635
866505
252896
251979
834854
965095
86080
836715
859669
274315
870375
530236
976012
48214
421576
828435
682083
350686
323858
570632
420292
837011
799283
912209
330627
766957
783924
927570
495509
474207
626379
483958
393574
142920
489001
898435
669249
347433
16310
758170
610425
794962
137874
248656
85105
442991
64819
517434
450402
525280
493332
718430
88228
245019
550520
772817
406400
243880
154223
485413
597875
802221
891218
148887
562487
450742
929868
317079
712359
235077
417208
993314
762133
812037
648697
98166
196714
415548
576168
548256
386392
79347
348475
939264
755257
421956
67876
581966
411138
489933
91848
333047
750506
399931
188221
471802
899693
560553
192448
798533
70086
522929
466845
722483
121488
907890
462999
91920
209051
505171
581723
419921
707973
272205
119355
678392
294781
299767
842996
598533
948644
112292
95737
579380
734747
447211
396908
424300
7391
788383
767185
526735
579704
607799
410100
958543
941779
89316
927922
294096
468807
405244
576845
516930
873660
144671
119719
452350
487677
698946
860931
247274
858078
727897
316824
755826
131494
801220
422203
213767
152087
211978
596472
398547
551642
429326
471373
402806
708581
377465
669183
736800
919121
666279
61399
776051
858110
954466
878500
272923
944522
126433
731690
502774
387707
998048
92623
376548
781732
821880
667117
357607
348304
868843
364080
369286
260381
140526
164958
160999
877473
270653
163587
854705
62037
887257
266207
187332
26703
169250
636831
12941
132978
665503
883637
707430
50623
745808
772696
234671
28732
950469
279538
827078
36485
956677
688622
972673
26402
176848
383249
168373
32552
165410
74693
45121
453857
416751
542406
147160
401184
890882
315869
32965
628258
85738
949136
941685
480820
134682
787760
136549
587722
568451
767004
962572
688576
127613
62657
307178
333161
113598
82960
539555
188810
245600
985740
928368
446552
800287
531036
445072
904203
645179
75541
25437
834899
880423
461756
441628
71433
54172
974201
830347
49637
4241
531175
155692
24974
59728
117023
161435
374756
803847
136511
845509
688210
674011
247162
637835
412125
36654
568700
467636
956788
590473
277211
823665
428274
576644
597564
413064
162598
809763
390603
806716
757441
24394
23434
893143
23289
983555
363629
926037
805929
582331
850359
212632
455149
882403
68951
841964
622138
791463
693833
22671
288024
756134
76919
479403
469015
950576
925886
319718
47682
100929
992021
133974
826308
737964
633420
10963
447791
993737
726255
598872
442134
448694
869638
13698
422022
612046
271426
463591
153044
569503
561507
410969
990321
778759
400065
804492
357641
423540
574702
767073
81132
919821
610555
884680
357951
793117
618732
362409
538922
96522
934382
767462
297779
554088
439687
489017
454567
1498
127824
557779
530817
303986
797337
581342
145431
436195
698245
854411
489180
653576
269135
849886
496394
253178
882389
102793
628646
941670
625247
354615
796285
224830
831760
11940
971503
136685
870014
331074
432319
229599
230601
838574
876169
235616
529722
526106
214184
223089
21015
573781
798660
333664
67816
663790
543451
207530
87448
894978
981115
152481
805526
53216
482893
294811
357136
763787
458238
564657
921263
950736
188787
400461
601443
880292
520024
911940
894141
661925
131897
545581
717835
789862
11790
844091
611679
489112
249276
344926
434136
211225
650936
730953
815280
305530
11377
951802
227768
102110
301008
450707
382293
644628
647529
765073
417468
183738
38394
805398
696381
423486
152311
1022
956550
885679
552835
680525
237919
552893
289546
644267
970841
143758
560442
578057
945712
734198
662524
892158
307842
3121
123989
44162
568838
229932
694285
102377
229196
993268
598858
252077
12315
779952
874818
963212
250509
646407
429138
815156
99211
511692
269207
650350
843869
353652
565707
221670
838240
964045
197945
943008
836359
74919
959598
206846
770444
544772
382299
446377
655961
538946
852402
235440
761207
394108
692866
264428
251591
914695
611950
164478
713694
519875
13331
132810
863410
713183
680991
921827
787999
810588
556342
936795
909950
671474
118158
636548
301372
166678
112700
945457
46306
834848
454403
229491
472831
126086
59986
713475
343478
737464
491274
134514
648992
98032
411089
545206
626047
392721
510244
257625
43797
873875
669064
223071
424302
560999
391790
106822
500160
602547
189960
3419
180030
309288
480773
752792
331938
827103
293283
547739
850704
213447
146355
775456
927024
608989
107780
599432
990950
661060
8815
802719
526854
150287
894555
666204
766798
432364
270543
12807
488433
541119
833237
472379
87505
535674
299973
410348
455223
569789
998325
626544
924827
161093
257374
830249
387276
620711
310907
83111
794172
996359
358978
223127
611249
897115
172075
894695
436167
308201
335379
996888
756818
652056
845979
370718
71721
532940
105308
907983
234624
952069
106510
302430
625499
722078
12668
655750
788500
182523
239713
299003
825358
905823
28791
281950
317043
800615
304627
798659
303082
898614
141905
493357
208957
104026
650420
220659
462730
463176
191862
464113
547062
445491
931709
521953
128800
570197
821396
128953
332321
954284
922171
830287
862783
279756
31130
109057
179766
246439
663662
429435
824342
209669
554685
900081
401266
864177
86937
295125
983197
988926
819553
277691
783850
752391
375876
981834
469786
856865
12809
132141
145998
498183
426904
456919
465274
869144
855815
234553
438968
400787
787199
694627
476192
865958
170543
988909
311492
365598
528316
164188
918232
273826
155840
221597
672686
301330
637923
288135
327930
927597
890663
897327
917452
492651
661627
559187
863250
781552
271585
805913
294718
949913
64746
666966
80663
39612
332961
165310
875183
507305
312600
648409
369244
121139
530273
489417
975679
120584
796349
87963
194216
889003
506366
676224
37495
732760
560337
772495
419645
394003
471027
114510
384409
406886
32542
215401
378477
254003
56012
638122
677143
3065
746085
811523
378843
356589
762732
569105
832729
524317
697074
279740
124817
595609
603236
500178
795773
448273
276472
689608
768409
263292
903260
453570
534687
88302
954757
990896
437523
258152
608726
770935
931020
225882
222341
78711
341876
87739
792024
356180
430195
791771
619193
526324
634062
802090
46166
524081
658860
908935
144876
249786
706977
52579
307945
818990
28249
545432
845366
521830
463996
793462
117001
398467
781081
198668
780860
482140
603543
899560
475434
93178
346352
32518
496406
960425
419372
877535
981246
165501
763766
738366
466102
890806
604341
49230
367786
615174
320426
758009
254254
506482
527370
910377
240557
643956
726571
638382
129782
477271
295349
145684
472286
839202
19134
463257
160494
15793
491974
773609
233738
445990
875331
224765
214216
284839
457373
998230
720954
730255
186091
606025
785030
632695
295371
949298
457255
169672
726206
306761
412771
948088
914137
937854
597570
529561
636052
569013
819787
308093
977002
407590
619321
21348
367064
891042
821593
38715
444233
341737
881469
354464
687028
85591
322944
26870
775078
504590
488468
621773
611107
882175
569580
268335
237981
899571
68239
480295
512598
635160
461141
518533
986029
570195
411231
392255
64344
718450
59094
878794
315
908602
458435
955201
332772
739586
681194
580963
207149
235533
689934
16467
377896
468783
680790
683678
211164
562845
389169
968561
966374
306785
436876
705376
87896
176596
795826
963161
348173
373680
466376
712436
542172
959482
708581
112741
769206
835595
797098
418246
48994
223321
878542
362816
614633
480587
395737
413511
648061
880950
248000
943078
649082
377973
699665
155337
153595
400565
155328
873479
799831
868981
380193
526020
443964
416929
730363
965188
700752
976375
310590
545405
287902
114605
604558
806212
631902
394652
254006
629690
969098
70788
225592
7337
903304
102402
710124
56060
327605
421485
763062
960054
411367
969984
357994
504766
648923
148706
868002
440481
473780
602477
431118
471120
355972
301516
634139
23082
850612
69404
409852
157691
497455
38034
591187
679319
462720
399395
406505
256717
771999
821753
165712
139956
412645
708875
632830
390936
17549
695596
81410
556310
884528
440757
598686
803760
814412
849586
280873
373595
562787
796817
931363
997422
426500
796750
762647
381633
291792
675734
18920
999129
302019
830127
690388
78463
606048
726525
129535
119076
915563
743562
180358
384620
269134
70050
670506
865665
395619
254269
48298
743109
671123
441134
121132
656368
142501
403051
912510
510052
822071
424152
232585
430011
165184
609491
559672
815419
754468
700222
977249
989768
206889
378827
755563
116684
483998
528534
961100
2900
689097
98285
988717
678644
591088
90972
319241
606871
663907
944963
289750
177597
445823
721225
391069
734102
136772
970700
381782
400286
600600
744243
322367
223977
933356
536834
745699
401246
442600
187854
414699
521766
924467
223847
219837
374890
204824
735413
886075
988771
28968
387857
488400
945205
516941
300382
594717
170475
800081
606279
502601
118530
123350
147477
469236
339760
355709
936380
666765
245833
325284
546910
943122
555531
980833
282818
861455
511191
787965
515874
581118
826070
623270
451895
623051
542097
268169
942457
202814
239876
286301
833691
819219
998491
957660
670817
566614
934033
61441
569878
671155
305507
795955
540874
608056
689435
355417
283074
541558
667367
683052
30075
89857
805839
68871
231292
211688
757524
882853
878092
55552
980158
531353
266345
587308
579967
10325
430876
773994
123445
688451
839297
969907
50236
761265
560806
738259
949152
856267
427942
606591
381929
382336
131216
327321
312504
927678
213721
800608
883534
884355
771506
992133
403358
993620
937437
283651
678217
431992
104452
941553
72016
147082
250627
641036
532423
8689
923433
791665
398991
975659
800809
224710
793966
34367
494322
606463
863989
69494
683946
685682
154890
711095
134159
593297
918203
713552
780155
225509
653663
684441
701030
764533
59854
137008
476528
991149
520283
389826
872860
421735
702063
773359
888173
484227
896109
204419
253603
123605
139892
360107
634081
295715
930161
15324
733054
918566
766774
881709
756597
723302
810707
534477
526448
317815
367663
60223
784032
278254
232625
702260
760065
700
998181
86205
653855
569227
990782
757150
545295
886917
419166
285770
740457
701360
855002
717695
541011
883840
282489
335760
987080
53476
814742
760298
585822
854326
77237
413781
510966
635558
973542
670222
663493
253704
360893
939201
275825
83418
622560
1806
518614
629005
417727
287947
304203
654223
174022
879487
916517
919265
940314
142897
392920
948729
564444
930107
684619
227742
408306
964389
109861
241806
279920
63287
163125
702377
509844
748589
682565
560808
658522
782245
975234
168699
60896
566017
918950
139823
259641
337780
111690
894454
216635
569705
38913
145920
329495
551952
896249
650324
9559
87895
430244
308287
676034
210796
749890
381516
807096
2076
984345
154709
641963
122769
455351
12920
109732
232186
192059
14883
287132
943996
147031
386770
891481
225990
802737
428384
191839
968791
890718
366230
807434
803213
843743
172069
178494
184138
751775
449029
469246
412802
229596
913064
979867
343502
912332
589496
354415
217794
701756
856662
56168
849216
778128
745192
778514
120670
81640
105448
280098
845087
927093
767426
303285
232353
15713
899734
965140
329841
241278
772872
852441
226957
824271
925336
988310
94133
454670
373426
55284
744281
905472
848019
166217
790137
263553
701123
428531
987187
751032
402880
697506
734262
114881
631438
564838
582947
808598
745997
24589
384433
330348
739616
217190
858165
405679
866144
108624
295268
306030
292356
964664
106734
371053
750680
6870
653757
305709
324600
164092
490310
944834
254671
441563
4830
169070
424694
306637
14428
477665
654607
493205
915418
62589
350468
568498
435139
972651
739138
675716
295953
890757
453176
154919
273804
703768
44297
392699
744847
649083
61606
947433
506312
54190
241773
228621
235283
689427
292938
401679
93951
78957
34411
414860
361765
506786
629452
639132
9296
889333
24356
925014
387407
373057
87265
310718
837078
313614
831099
706593
627141
256967
631619
341912
180783
270980
632129
581339
221537
968167
414259
340280
116485
675316
126463
752159
172961
46608
834171
81772
719337
366376
605606
47166
525225
533532
554459
575454
411650
445514
967990
692162
96129
320828
590427
988717
563605
552151
580547
957354
780986
687830
154311
387553
636995
913946
590486
520704
225270
155591
617001
722265
695137
730430
933360
750053
805742
790349
226417
532862
602767
893835
392755
969581
78534
693753
153899
651906
215329
990948
761447
147692
740892
225445
164797
584338
715088
319962
185048
423009
71757
10720
760356
577028
669222
340868
223809
694512
425899
767771
7795
807554
888827
608081
476886
637161
734790
984181
563408
306694
704378
26021
534672
986978
386219
67071
868769
666274
460985
69578
625561
149379
796430
241074
525569
195253
761643
362184
751665
870028
495954
76237
612148
143721
219466
350055
735665
501261
114646
194870
69730
340372
796132
321012
947989
925116
413017
371839
707232
377828
669440
165158
334894
850118
966787
111527
185105
78133
430029
235828
983248
468168
57554
519187
352542
429043
931768
830624
776423
918316
975434
422405
587337
373867
990954
619383
201169
159951
749957
657558
723588
364153
925604
731508
712378
120160
955564
427819
302591
403609
952261
289097
433323
464861
864254
573001
616515
522547
579213
880963
637458
606232
769239
134955
85086
931700
612986
838653
280510
241894
889369
946812
870459
373990
135245
815361
24340
995402
685430
504413
169319
265433
72924
973969
501418
147622
96272
141577
521302
787741
751472
418586
934963
9063
313070
569128
65669
92625
125363
434670
317436
16493
648662
566512
817673
440167
785711
530399
282876
476920
10590
709523
245080
193179
574847
439684
595854
85263
926917
663490
535878
841897
508763
238078
791379
787189
375097
823361
53266
377297
399132
660384
184248
836647
265257
975506
939998
826147
67383
258189
709200
89077
888980
216497
926650
617284
293048
411439
925795
280257
632810
873480
541489
688204
136504
445531
941970
663426
686244
229836
454664
372177
257579
634793
354861
781418
611961
677834
416272
523546
426200
463414
952504
397964
540444
368265
614522
788275
171874
149820
392245
305874
573161
313609
215751
542024
774200
530764
172656
536936
122315
475127
124316
312912
362722
519653
454497
11726
817674
320180
808801
58073
328150
580762
673026
982758
153541
189026
593257
672863
638978
538601
488630
624477
743843
692194
212750
953384
392755
500444
724617
771794
442411
925065
968008
100895
750916
282060
718537
524703
251226
152609
183563
296138
940581
921160
314284
553077
473599
259587
261414
697032
287910
685656
84837
356527
270803
782950
778833
188386
136970
603461
531484
158963
627070
714592
73642
154905
764604
869668
313091
397632
483810
53719
943110
684296
489270
519011
129670
390538
299356
664946
768552
561527
324471
688939
327293
685160
984734
960058
46024
84294
345777
41537
736053
756552
717526
551115
151460
867536
722072
435049
51694
169263
194912
143782
428727
840741
530312
719935
121087
509191
27942
647241
283093
850387
960132
815591
621730
146802
155000
896554
886693
39877
844564
558934
712342
376047
991664
835597
3466
537021
471223
457891
771325
970385
642223
360289
105198
242599
826970
482982
835550
907837
292694
777758
820135
732308
574879
52612
640900
969305
519866
216719
547463
275973
228318
931919
106128
790861
904203
388819
427727
833384
406153
699026
436530
11852
795436
1348
837506
890524
825305
332347
348378
841527
162953
269079
604237
890938
133951
226417
995932
266157
530903
248278
43114
507561
212856
849445
107386
568833
15401
685334
887064
481080
233043
717519
175525
490608
24551
717309
104768
922539
644224
621755
997560
296869
762982
388600
901297
938483
729129
615146
933749
420046
705286
854662
870730
868147
42581
518361
966211
889673
423839
767020
446284
86852
381805
831795
999655
615856
393709
938971
951167
602903
837836
975725
710235
229584
794366
601667
225562
699006
54387
465273
169981
815514
849520
946407
248241
124649
808185
628389
147312
402734
787265
763683
606481
438586
560014
7710
476410
991852
401212
219942
612740
553495
71889
312216
789710
808905
451208
922862
636094
26837
949855
626117
141223
817207
30943
689021
386152
360247
503670
81319
265481
300937
87175
454392
686349
611151
435913
818439
217276
803309
238730
922860
739425
634183
592047
135754
57617
886044
352595
44346
3597
506672
286730
883843
134106
926608
469348
527275
588689
708387
326002
474496
317069
670321
394789
834649
983170
506567
932833
491095
131403
608939
259386
91834
628368
611147
233433
556592
870716
648431
309939
531166
638465
650482
662959
120514
280995
211039
198836
180948
170840
209613
759683
508545
433378
992193
904332
226019
414409
125640
583383
737598
273364
521432
271906
562042
441980
473968
713554
509269
461602
209141
355571
467800
98803
608838
8365
876816
260932
850701
981434
697815
119955
349637
958603
503341
567056
800868
79141
304764
470416
754415
485263
76703
989052
295738
45994
501975
415896
321117
290525
970158
387619
7594
69210
71954
396802
214351
411219
242193
293847
408470
422595
929910
90987
704961
389372
530621
564461
359147
126146
449939
909130
729588
329088
312863
392889
599351
141790
616558
105114
994876
205767
255068
893712
20069
915850
103811
569375
963140
91879
635175
642951
765067
368157
431389
820710
44320
998512
241465
600186
203668
589550
127761
848911
607322
448181
592875
305341
916101
395110
998199
812596
146110
104496
209693
401506
510737
881792
596181
765594
610549
609955
344363
297878
936806
281560
645866
425082
731953
239570
613288
870118
735571
553224
525659
408840
261932
166609
691245
638524
640828
929842
63001
434402
893399
368067
466878
367959
77952
578732
68572
740855
35201
405862
497970
587223
75931
404477
274744
199163
453616
934082
396461
284310
379187
275081
435758
106360
447887
458596
837226
598689
541219
559253
98176
559048
647738
397477
496069
600631
661239
269258
831851
332429
283990
58727
37508
955590
226378
82431
491540
325576
600689
214832
340652
274846
636473
5945
836634
201022
735087
328489
327102
50138
686297
922384
14549
438307
248330
220258
676492
368897
659831
72955
112971
680201
700019
996360
993404
399448
905585
389698
91177
154143
785945
782908
990628
855690
832005
423532
313426
8309
417722
190588
714198
793183
705793
455692
999936
977055
127074
174600
59438
33494
229200
376385
384708
147421
981631
347929
957562
590570
972750
824912
623782
383278
785936
370749
490657
698868
818320
776001
875474
552398
620543
869017
318841
110246
28440
620409
721341
586581
564676
214515
604638
666396
692701
896296
420815
733533
6401
248094
946282
8806
510604
396127
219544
381105
965608
963015
175552
324738
215230
455409
902655
986920
246625
113845
774839
584133
843048
657257
625727
383780
830615
839989
57992
814022
1703
187818
71734
854990
115209
888716
265526
926926
721462
588999
448357
629292
196629
398977
564409
403525
513374
9875
877140
768626
800344
931926
113336
632748
276336
814150
56005
691319
31341
125329
645736
231236
175476
672804
752724
844872
893289
163072
815274
613440
655945
724191
219026
17214
933961
68839
336430
915380
623140
276062
413609
605336
814687
513975
246174
613824
35081
654648
328069
402177
192823
457349
605631
150927
623197
282483
955368
198099
653328
932103
351603
895112
807742
862986
849950
248759
60881
770520
197839
540042
373600
577829
365679
302218
274034
241727
74201
326535
380068
569123
661805
156787
620101
454651
994856
476078
11341
476181
368585
775982
224820
122410
896258
913902
782909
988829
660302
547491
306719
691368
50155
514258
187383
36998
887932
157407
380057
161149
867404
457681
41897
651068
140140
567204
407929
585252
40119
438927
976676
925390
721791
379248
588358
678492
589473
540287
280313
456266
538027
337641
229684
875061
116229
109830
14590
608836
967389
764031
198111
67879
680774
163714
323724
238826
666204
249630
337053
386116
242529
755711
772411
163808
934101
192733
889422
228421
314768
391592
689103
767024
608171
693040
915251
547170
174356
906814
190038
254539
900391
284975
67766
565745
525871
295548
290973
628168
291664
922951
767803
840516
641108
417816
639322
619246
435768
625150
435767
390617
968361
510692
447512
869029
951074
338539
856659
571661
13274
210537
662183
400909
296957
261155
689884
729853
942848
372361
546346
470958
960315
57415
860425
51697
876411
996433
533442
104381
397942
614181
432127
704557
492969
910035
403552
922071
611406
716920
322791
917861
412821
924904
693308
478385
875944
651236
277160
710513
310159
534209
549845
716250
347393
940298
417089
680021
667524
771886
217303
883771
438092
821710
958144
794380
523789
200167
872881
286520
827486
241792
829208
580066
304082
780997
238772
929337
900686
733856
564474
205543
893265
995428
204676
235252
348608
915980
417561
230561
464500
589746
774375
656431
237344
171643
878283
133852
576953
659830
46082
404916
435317
170548
397759
877870
736870
584580
79477
261375
400920
415276
982231
792683
975524
774973
290318
614482
197305
448309
552779
930392
849564
182072
133977
185892
120793
195731
612324
700811
26083
573238
887866
801065
971527
463067
326786
10331
339222
800679
987052
966886
503253
763561
757700
18420
298344
677440
936602
35312
279139
183791
401013
206390
235284
47202
947610
728429
741297
968321
190748
679022
963819
91767
685080
553479
955256
753520
725135
777392
576964
773108
737677
706477
931668
629388
884395
572652
256343
745725
157981
801552
803247
686337
73339
388193
494046
469980
624186
67888
314654
223234
30070
351633
798572
151401
685592
844154
883388
334907
689770
123303
622802
47766
408727
607190
862900
104392
5374
797846
831406
217271
429728
308760
543150
165690
123771
902412
72722
419348
244679
730382
202579
351347
390215
513906
927384
508456
892668
758647
225732
864502
851788
945338
723768
63391
670579
155880
129284
289209
651441
627253
410356
278638
513750
553625
872159
610761
412373
539181
43908
633266
353131
27451
72414
670921
495404
855529
958309
40611
808203
744460
706678
705100
156945
70897
511885
744218
579906
777181
106351
785441
586360
349038
806580
707489
372650
418313
74646
764350
869151
614644
679102
99972
319913
61549
168014
296700
915950
378238
9823
261145
402549
651902
473501
896821
370136
21229
464942
505696
643578
956312
952408
608895
551468
735494
256987
899719
243876
817679
887827
131062
887375
150932
537028
60104
378239
501781
801828
420781
650422
4266
322907
198212
512336
323172
568616
704273
592105
223745
831185
462978
201589
726576
639141
302321
810581
92691
212064
906282
25681
528396
966444
259212
130935
495790
532269
728650
864842
682547
131455
587084
22637
14908
271725
899052
732780
561358
134109
436226
494784
101058
434795
908518
427461
850890
421111
753211
73035
885994
986478
700502
87486
968418
218546
628314
19909
59388
645218
544220
7048
690183
442055
297570
502005
64884
662471
554617
955097
668044
511526
819669
818808
9705
117101
760899
87572
413635
126029
97262
233772
205279
13553
275401
796292
655900
793320
33529
8012
952864
592983
415260
755192
194212
396587
399897
977523
639327
144859
873999
187088
869796
796688
336681
31878
289687
715156
12728
614323
578302
95254
73399
408101
878760
93247
761473
402702
248119
474822
982023
538401
889596
253841
240484
206832
258549
643410
757447
610727
367111
990215
162963
459199
751450
700943
441626
246726
132122
576822
851450
828940
75019
745669
47256
897951
516994
125034
277666
817919
55525
498016
752190
481027
249019
901520
43956
228914
771649
560124
918157
25735
677071
301170
555558
117384
107146
582371
637345
386564
263706
956745
463761
657639
781968
866866
181869
409302
921773
304729
343834
568896
605502
678504
250182
231133
417932
641171
617174
306621
440236
920515
608258
168285
407316
63726
256512
168511
520500
868675
873525
545684
76664
983269
204482
527919
992276
771801
957209
383599
995133
739819
578681
407784
79357
573782
257574
127081
77379
915281
200510
913299
635530
491701
393708
546947
349269
260947
932446
897906
306438
135636
355401
108943
3651
522881
560379
361085
993
872132
909226
499868
289191
421506
591675
999269
232962
360423
