349326
419957
87120
985298
227444
520708
127468
825155
712803
805761
898643
634101
773279
850286
923592
277554
588371
792447
427953
69021
402129
688684
706351
956096
540317
732527
113337
225147
259032
941573
909465
384437
191725
726247
502766
762193
167564
135621
345399
381418
529295
173702
211648
117865
897589
455802
586151
987120
685333
586193
323364
963407
459307
787752
21856
815542
553992
313312
780428
707049
58911
249609
214882
783619
977731
780062
497514
520644
691785
952282
399617
419115
281429
431260
847776
263439
349733
716062
919464
980756
692227
770017
245645
648228
224684
225448
303100
573837
165365
228349
511372
745807
791012
61892
518174
371663
134818
354774
431854
170086
93663
972654
97742
933904
36214
124971
101399
273470
805320
69419
121292
943224
356643
673510
678656
373867
341412
853360
522375
47472
590358
656845
743551
925686
345363
558266
448251
269815
85979
429697
217611
572127
205587
233055
524077
39076
715379
102712
900315
54058
632540
368009
818032
500618
889937
446046
636965
573071
840441
846761
396628
917161
303879
379231
610550
83864
9538
519786
251815
103402
964340
587055
123956
589388
912586
248342
203305
654728
60236
304907
411587
851068
646489
628171
484453
109477
582309
301174
471829
811481
736922
5068
315247
335712
363669
349399
656438
110300
901893
185033
243378
251202
421386
923287
165360
861492
211030
626171
786672
83447
228789
568948
519640
429113
727454
275982
141314
139080
979598
952681
296218
845259
828238
223268
166611
238895
872698
382797
953285
800245
410213
247790
296993
441776
215749
319635
175732
323214
661724
124380
558666
229878
574739
775550
566588
885955
453098
949023
742858
87599
755987
583082
685430
254172
423586
883065
883648
980382
681088
261972
563398
893700
614356
121824
924329
667220
344023
713177
304432
819615
334765
16060
557550
84113
338230
711645
9754
858826
30332
949333
156068
872383
768434
482100
711671
167071
186615
448184
403233
748626
104473
52260
210893
834006
37909
337492
356537
473331
938030
360337
576619
675932
704056
467240
487561
7683
859176
594395
864900
993267
28022
803201
263234
670600
826311
728675
47086
77559
921954
578175
131507
354827
788125
999113
649546
291956
603854
877481
64458
273730
576304
635058
610793
38312
259323
836772
407552
953030
580471
345627
901786
668
6088
834738
767026
666526
965192
938293
999866
33314
45549
499786
28617
902388
577480
85679
135452
852183
570659
98281
73923
875987
938244
799809
476947
775010
965205
49893
186314
955545
740946
92481
554406
588179
410915
774074
441856
610925
89262
574563
711270
483548
751179
949307
880093
724390
662172
233392
369527
133666
102258
217334
749167
103029
898895
373219
516702
789544
979135
70581
234927
479892
360200
72786
932097
645073
822539
607982
228349
779965
93746
754182
35480
230388
863682
661694
800050
907528
40553
739315
662654
745823
492123
966378
731490
151375
313506
343313
367873
310355
693988
450957
472337
907321
756902
649806
335568
67610
495794
148551
11433
24422
14177
412420
920376
865618
513036
671014
885218
16332
744684
126210
933647
355473
719814
944231
648899
913493
72105
747487
444725
121484
1352
663849
851280
338961
403671
311416
606738
410431
544785
800545
888081
922407
292132
891610
273613
424137
707234
710829
221814
494543
464784
997556
275068
249102
505249
535466
531750
319781
537037
296728
791678
306346
949253
755071
820892
183653
699290
838455
129566
566541
852190
214667
683846
803685
401051
515299
296470
28224
751225
235300
320929
898353
404623
277312
386195
396256
279920
894811
258188
873490
455634
151939
702512
331127
789500
307836
856652
999544
106710
826669
357716
877082
283705
62818
285161
98978
606588
928281
431912
403559
436856
565378
753074
985606
605297
259610
840810
508234
920921
125576
67740
183122
434686
656185
746862
939085
449229
738477
414375
501886
270791
134332
427378
302125
23685
165305
827210
820044
238872
247187
87033
987066
483612
715176
558379
217728
861193
771019
49617
434325
65224
394198
912412
225447
354899
54781
48085
373570
379139
338530
465732
964686
443753
34955
334642
124954
416292
983774
989722
985791
571215
263721
301952
278278
417983
600025
335601
985556
540618
524987
376520
385750
158489
663681
453133
827056
820414
288137
778172
208979
853039
433228
192515
621973
778612
341138
130445
513787
232744
272371
311913
54863
226746
111198
971778
801153
543518
999484
949095
176878
836577
531876
631320
118856
658908
561445
55812
712472
345338
898430
655715
524206
814769
374044
205320
859208
246049
872082
634128
780041
718172
201958
63704
470776
988990
189415
586277
846777
898005
439240
462017
851783
314356
316199
330036
312907
117791
55731
257493
591112
218492
549374
110394
69295
545594
674531
942053
921575
937482
176111
65140
237572
851170
800645
448149
449877
971496
959781
36089
445015
100452
608326
387421
384885
121077
62470
17372
950813
849936
993157
97496
632136
991540
798765
527916
778436
723223
728995
412693
587901
206131
122881
210107
851025
934112
904356
27547
99987
679333
265109
185151
859863
405659
477882
281919
432506
349709
532738
947075
235786
33033
619151
919122
836021
635875
471176
482235
580507
552643
105315
452173
855617
27941
192168
236189
301521
736847
519519
448649
165757
292383
106946
504364
169146
956520
812924
390312
624326
893848
656092
929673
974742
952756
508237
300637
193395
278782
401046
609382
480239
400752
810793
371901
595403
197402
573337
453248
389673
840174
514360
946319
994725
887055
598147
625948
292218
275795
190668
756413
654903
586661
637699
647331
487896
495266
254502
404623
774742
496203
754557
784524
967968
865812
595283
428835
459613
392934
875554
57799
360741
176732
852357
955548
451281
719705
738198
86304
740839
68149
428934
978473
539892
78529
508998
222469
55215
857733
631022
501269
150000
609545
126656
782450
605320
679973
124518
602570
876303
212072
289584
918529
367022
194073
933658
475618
612629
37195
818833
295809
336595
893668
121554
423305
457236
105843
262950
465228
829237
848226
499498
50149
642956
15665
487011
810689
400819
118152
99301
757234
565939
38150
47447
969183
866635
156106
886636
105122
297599
557559
135545
125832
736782
860233
822060
555629
755972
819029
591607
673687
159556
279980
396982
532280
486959
811609
387049
473571
707039
210767
146717
273078
296632
361360
89826
371730
539828
29692
287190
354136
463025
484914
404120
559476
850124
358661
552991
751615
694408
342597
163034
43274
879766
960537
349516
674210
664432
446205
289961
880193
151674
178785
500391
150809
792475
563609
148962
105963
376686
764371
529102
282574
370492
404832
203579
67791
836019
627440
236492
411583
458103
298127
610736
7929
226155
825464
615939
673193
231934
579356
340907
960822
681068
904524
228452
964759
434102
856701
692496
639487
144613
68996
952404
52212
473244
252376
233005
556305
596968
157689
501087
825181
940859
159484
123569
723565
293865
107899
16300
560242
146335
339928
660302
468377
301109
485176
589345
646242
660178
